1
846259
2637
121578
2일 19시간
12506
2
838303
19048
1128717
3일 3시간
11162
3
561327
7813
568401
4일 2시간
5725
4
555072
100687
17002109
7일 9시간
3123
5
528904
35851
8356315
8일 1시간
2735
6
498461
21627
2353634
3일 22시간
5251
7
444032
11003
1110848
5일 11시간
3385
8
435512
6265
985130
9일 7시간
1953
9
423326
8137
433038
4일 22시간
3570
10
408295
21160
818701
2일 4시간
7735
11
346540
10214
545764
5일 0시간
2867
12
345435
8991
1121394
4일 7시간
3324
13
344248
9053
1239996
9일 20시간
1454
14
306801
25029
1247501
7일 1시간
1813
15
273954
23642
1236789
7일 21시간
1445
16
267523
6841
784136
7일 7시간
1522
17
237581
22
4842
5일 15시간
1748
18
237017
3070
72423
4일 15시간
2118
19
235034
5502
392700
8일 17시간
1122
20
234543
15958
1449792
5일 23시간
1636
21
224776
1434
153601
5일 11시간
1703
22
221144
5442
751312
5일 0시간
1836
23
220153
14491
579626
3일 0시간
3043
24
199304
169
14158
4일 0시간
2056
25
194180
1596
222143
7일 1시간
1149
26
191101
20755
891655
5일 11시간
1452
27
190924
29
4700
4일 21시간
1623
28
189401
8168
214468
5일 16시간
1386
29
169917
6607
325495
6일 17시간
1052
30
165645
5806
230645
6일 20시간
1008
31
158460
41
6739
11일 10시간
576
32
158125
12694
666670
2일 21시간
2267
33
155620
5095
161748
4일 19시간
1353
34
152236
2603
254831
19일 5시간
330
35
150160
47
9264
11일 11시간
545
36
144660
616
44676
4일 22시간
1216
37
142011
141
6381
3일 14시간
1648
38
135437
36
2108
8일 17시간
645
39
135156
5567
571350
6일 23시간
805
40
134870
47
3135
2일 5시간
2536
41
132277
2058
163681
2일 2시간
2625
42
131038
8206
775712
4일 4시간
1299
43
117405
3624
320040
5일 8시간
912
44
116781
51
3994
2일 21시간
1682
45
112593
6594
237189
7일 7시간
640
46
107053
2875
285681
6일 15시간
670
47
105172
3870
507329
4일 12시간
969
48
99256
29
3773
4일 9시간
941
49
98326
38
6180
8일 1시간
509
50
95999
31
2899
7일 13시간
528
51
93666
43
4683
7일 10시간
525
52
92121
155
25662
4일 5시간
906
53
85512
7841
317982
1일 14시간
2227
54
83856
688
46877
4일 16시간
744
55
79745
36
4184
11일 11시간
289
56
79474
954
49914
5일 3시간
641
57
79153
10883
195394
3일 17시간
889
58
77428
23
2161
4일 6시간
756
59
76626
20
3342
4일 3시간
767
60
75530
574
38042
1일 9시간
2247
61
74586
881
103894
5일 18시간
540
62
74293
56
6567
5일 10시간
570
63
73285
12550
464400
8일 14시간
354
64
72712
24
3343
6일 5시간
485
65
70743
954
74964
5일 13시간
530
66
69910
689
59921
6일 7시간
460
67
69214
71
4518
3일 11시간
825
68
68687
104
7185
5일 0시간
569
69
67004
29
6793
14일 13시간
192
70
66306
21
2124
4일 14시간
597
71
65714
646
93165
5일 5시간
525
72
65463
18
1845
5일 3시간
529
73
65238
3
304
8일 7시간
328
74
61883
32
4262
6일 1시간
426
75
60386
1769
64834
1일 13시간
1627
76
60099
58
6813
8일 3시간
307
77
60049
3331
132141
5일 23시간
419
78
60041
48
4482
5일 22시간
421
79
58812
976
64907
5일 22시간
412
80
57298
42
4028
2일 3시간
1118
81
56666
34
2155
4일 1시간
582
82
55765
23
1959
4일 8시간
534
83
55397
31
3197
3일 18시간
613
84
54007
359
27955
4일 6시간
529
85
53510
17
1638
3일 5시간
694
86
51733
37
10005
13일 16시간
157
87
51472
24
3713
7일 7시간
294
88
51081
19
2444
4일 6시간
498
89
50434
22
1086
1일 16시간
1239
90
50221
46
4987
3일 15시간
577
91
50110
5889
311202
3일 19시간
549
92
49896
47
5221
5일 7시간
390
93
49790
18
1731
7일 4시간
289
94
48982
19
2551
6일 19시간
300
95
48908
59
2380
6일 3시간
331
96
48634
32
11892
10일 3시간
200
97
47978
32
3486
3일 18시간
529
98
47238
41
2703
8일 0시간
246
99
46613
34
10832
3일 21시간
500
100
46599
29
3554
5일 13시간
348
101
46357
45
2493
2일 7시간
831
102
45407
45
4210
4일 6시간
442
103
45399
194
13675
3일 19시간
494
104
45217
11
2417
4일 17시간
397
105
45128
22
1463
3일 0시간
624
106
44986
521
16512
1일 23시간
941
107
44696
39
2782
3일 20시간
485
108
44459
431
13571
3일 9시간
543
109
44335
1428
28855
3일 15시간
507
110
43936
170
4645
10일 16시간
171
111
43304
260
9813
1일 6시간
1425
112
43287
30
3405
5일 19시간
309
113
42765
41
2509
4일 3시간
431
114
42352
45
3579
5일 12시간
319
115
41077
454
48507
11일 2시간
154
116
40861
29
2808
7일 7시간
233
117
40526
30
2405
3일 7시간
513
118
40356
5150
283569
4일 19시간
349
119
40197
141
11819
5일 22시간
282
120
39558
27
2609
4일 22시간
335
121
39266
18
972
2일 15시간
619
122
39107
27
2077
6일 11시간
251
123
38689
21
808
2일 17시간
590
124
38569
108
4960
3일 7시간
485
125
38477
29
3520
6일 12시간
245
126
38412
35
2776
5일 3시간
312
127
38369
438
20044
2일 11시간
641
128
37791
559
25834
2일 12시간
628
129
37563
105
3040
3일 23시간
391
130
37548
42
8697
8일 21시간
176
131
37487
2078
84244
4일 18시간
329
132
37083
18
1188
4일 8시간
355
133
36986
14621
558024
4일 17시간
327
134
36769
30
1949
2일 12시간
608
135
36428
33
3338
8일 15시간
176
136
36282
47
4097
7일 18시간
194
137
36118
41
1273
3일 8시간
447
138
35884
25
1830
4일 12시간
331
139
35834
68
3634
3일 9시간
442
140
35274
35
2479
11일 18시간
125
141
35186
675
26745
1일 13시간
947
142
35066
1251
42614
5일 17시간
255
143
34963
6755
59877
2일 17시간
534
144
34938
2572
166591
2일 21시간
504
145
34790
17
2665
16일 13시간
88
146
34569
914
27175
5일 22시간
242
147
34554
7643
148904
4일 2시간
350
148
34402
338
24556
5일 1시간
282
149
34396
11
1293
3일 20시간
373
150
34382
36
2954
7일 13시간
190
151
34331
95
7685
5일 6시간
271
152
34215
15
1315
3일 10시간
413
153
34172
60
2658
4일 18시간
298
154
34128
21
1544
3일 1시간
466
155
33996
40
5464
7일 0시간
202
156
33986
168
9037
4일 21시간
289
157
33906
32
1918
4일 3시간
341
158
33457
39
4130
2일 21시간
482
159
33331
175
11606
4일 14시간
301
160
33299
81
3319
5일 10시간
256
161
33139
34
4785
13일 6시간
104
162
32988
76
9975
5일 3시간
266
163
32660
2369
272635
4일 19시간
284
164
32578
22
2679
5일 20시간
232
165
32489
41
3912
5일 2시간
266
166
32316
25
2227
5일 18시간
234
167
32134
1598
14624
3일 14시간
369
168
32059
43
3339
4일 2시간
324
169
32049
53
4102
6일 0시간
221
170
32010
245
28521
5일 4시간
258
171
31699
18
2820
3일 21시간
338
172
31615
1422
163803
5일 21시간
224
173
31420
26
2283
3일 8시간
392
174
31261
31
1996
2일 5시간
588
175
31234
166
14552
6일 7시간
207
176
30883
60
6703
5일 5시간
247
177
30565
12
423
2일 4시간
577
178
30493
29
4078
4일 0시간
317
179
30066
106
3489
4일 6시간
293
180
30044
598
31371
4일 17시간
264
181
29905
19
1173
2일 14시간
482
182
29859
36
2702
4일 15시간
269
183
29857
109
6508
5일 8시간
232
184
29810
20
1345
4일 4시간
296
185
29749
200
11851
3일 6시간
377
186
29441
176
5883
2일 12시간
486
187
29352
28
2220
2일 23시간
410
188
29243
50
2750
5일 0시간
243
189
29236
21
1346
2일 6시간
538
190
29194
28
1952
4일 20시간
250
191
29008
104
5645
6일 9시간
189
192
28931
13
654
2일 3시간
560
193
28663
155
7696
2일 17시간
437
194
28536
25
3316
6일 19시간
175
195
28481
45
2066
3일 1시간
387
196
28436
22
1676
3일 7시간
356
197
28188
107
8067
2일 14시간
449
198
28024
281
11221
2일 22시간
399
199
28012
65
5821
4일 16시간
250
200
27899
26
1552
6일 20시간
169
201
27603
39
2877
3일 23시간
290
202
27401
24
2280
4일 19시간
238
203
27380
51
3107
4일 16시간
243
204
27025
21
1965
6일 21시간
163
205
26693
417
30161
4일 10시간
251
206
26555
41
3151
4일 3시간
266
207
26267
24
1081
4일 7시간
253
208
26165
41
4579
6일 5시간
175
209
25966
26
2103
6일 21시간
157
210
25861
96
3558
8일 10시간
127
211
25849
22
1919
4일 23시간
216
212
25776
26
2732
6일 20시간
157
213
25634
31
2597
4일 20시간
219
214
25274
29
2881
16일 9시간
64
215
25142
56
2446
21시간 43분
1158
216
24996
23
2268
3일 7시간
314
217
24995
313
22905
7일 7시간
142
218
24814
116
2842
3일 3시간
327
219
24459
142
4920
4일 18시간
214
220
24429
128
9303
6일 15시간
153
221
24410
29
2263
5일 3시간
197
222
24282
15
1107
5일 17시간
177
223
24277
31
300
15시간 40분
1549
224
24250
54
5100
6일 22시간
146
225
24094
26
1759
3일 21시간
258
226
24045
30
4187
5일 19시간
172
227
24037
44
7553
9일 5시간
109
228
24019
17
1135
3일 20시간
260
229
23713
24
2008
4일 10시간
224
230
23490
16
1766
3일 11시간
281
231
23206
30
2036
7일 11시간
129
232
23059
21
1310
2일 4시간
437
233
23027
26
1952
3일 21시간
245
234
22818
35
2461
7일 8시간
129
235
22733
5927
194117
19시간 25분
1171
236
22689
685
49989
3일 19시간
249
237
22415
16
1997
9일 2시간
103
238
22339
16
3462
5일 10시간
172
239
22278
28
1761
6일 2시간
152
240
21934
27
2906
10일 11시간
87
241
21912
43
4331
3일 18시간
242
242
21812
40
4937
8일 7시간
109
243
21675
22
1044
2일 11시간
364
244
21643
196
25636
4일 9시간
205
245
21521
15
1056
3일 16시간
244
246
21505
50
5726
10일 5시간
87
247
21485
16
1012
2일 20시간
316
248
21387
27
2261
3일 7시간
269
249
21369
133
10084
11일 18시간
76
250
21327
20
1266
3일 15시간
244
251
21200
39
2622
7일 10시간
119
252
21120
16
972
4일 0시간
220
253
21017
24
2136
5일 19시간
151
254
20938
44
5472
7일 15시간
114
255
20897
23
1972
5일 7시간
163
256
20793
22
1199
6일 13시간
132
257
20724
31
2329
4일 13시간
190
258
20721
22
1520
4일 6시간
202
259
20571
55
5030
2일 3시간
400
260
20530
21
1947
7일 16시간
111
261
20300
805
44499
3일 4시간
265
262
20197
32
2964
5일 8시간
158
263
20091
37
2139
4일 22시간
170
264
19849
372
18083
8일 0시간
103
265
19705
2346
112157
5일 0시간
164
266
19704
23
3118
8일 16시간
94
267
19609
25
1758
3일 6시간
248
268
19326
30
1773
3일 10시간
235
269
19243
125
15048
8일 1시간
99
270
19141
36
4960
5일 14시간
142
271
19116
33
2875
4일 15시간
171
272
19015
25
2364
3일 20시간
205
273
18931
54
4041
4일 23시간
158
274
18884
23
1204
2일 11시간
319
275
18825
19
1401
3일 19시간
205
276
18722
2643
120726
5일 12시간
141
277
18647
22
1576
4일 6시간
183
278
18430
34
1802
4일 10시간
173
279
18381
78
4419
6일 19시간
112
280
18341
342
20473
2일 20시간
267
281
18296
42
2212
4일 12시간
169
282
18230
56
4395
4일 7시간
175
283
18201
32
2245
3일 1시간
248
284
17713
505
15049
5일 12시간
133
285
17646
218
37550
8일 14시간
85
286
17589
32
1435
2일 15시간
277
287
17588
22
2179
5일 10시간
135
288
17574
22
1189
2일 11시간
296
289
17560
107
11624
5일 5시간
140
290
17341
26
4396
8일 14시간
84
291
17303
28
2282
4일 12시간
159
292
17223
29
1560
5일 14시간
128
293
17094
731
27831
3일 23시간
179
294
17051
34
1813
3일 8시간
211
295
17006
15
1005
2일 2시간
336
296
16588
24
1310
3일 14시간
192
297
16407
24
2426
9일 4시간
74
298
16287
15
1019
4일 4시간
162
299
16240
45
2410
8일 2시간
84
300
16105
22
2014
6일 12시간
103
301
16053
1393
83188
4일 10시간
150
302
15938
490
7933
6일 8시간
104
303
15819
22
1857
2일 19시간
234
304
15608
35
2402
5일 17시간
114
305
15586
24
1718
4일 23시간
131
306
15568
15
2552
9일 9시간
69
307
15517
30
836
1일 15시간
390
308
15440
51
10443
11일 0시간
58
309
15426
156
17409
5일 21시간
109
310
15244
10
1375
5일 5시간
121
311
15047
4821
289322
9일 17시간
65
312
15037
25
1110
4일 2시간
153
313
14776
30
2248
5일 8시간
115
314
14658
20
2894
5일 2시간
119
315
14648
23
1113
2일 1시간
294
316
14514
17
2506
5일 17시간
106
317
14482
21
1515
7일 19시간
77
318
14463
30
1426
2일 14시간
232
319
14449
54
6219
5일 19시간
104
320
14442
21
684
2일 3시간
282
321
14331
546
16876
3일 19시간
157
322
14218
12
1023
7일 19시간
76
323
14214
21
745
2일 0시간
292
324
14152
29
2373
4일 17시간
125
325
14100
11
921
2일 22시간
201
326
14094
43
1441
2일 10시간
240
327
13796
88
2418
19시간 12분
718
328
13714
20
1317
2일 0시간
280
329
13624
18
1007
2일 11시간
230
330
13541
35
3844
6일 8시간
89
331
13378
24
962
4일 10시간
126
332
13167
295
7720
1일 4시간
463
333
13128
12
1098
2일 17시간
200
334
13077
15
1001
4일 18시간
115
335
13039
16
726
1일 2시간
486
336
12997
31
1421
4일 20시간
111
337
12941
12
1330
6일 17시간
80
338
12940
26
2581
9일 10시간
57
339
12883
31
2540
8일 9시간
64
340
12861
12
1245
2일 5시간
239
341
12797
19
1053
1일 20시간
290
342
12663
19
1607
3일 7시간
159
343
12645
50
1639
17시간 19분
730
344
12641
17
863
2일 6시간
233
345
12596
19
232
7시간 31분
1675
346
12533
39
2035
4일 15시간
113
347
12506
18
394
1일 1시간
494
348
12362
26
2274
2일 20시간
179
349
12323
15
948
4일 9시간
117
350
12318
19
1094
3일 16시간
139
351
12208
20
1676
5일 3시간
99
352
12190
59
2865
4일 3시간
123
353
12116
23
726
1일 17시간
292
354
12114
29
1492
2일 4시간
230
355
12054
19
1114
2일 3시간
234
356
12008
33
1424
4일 1시간
123
357
11926
12
700
4일 22시간
100
358
11824
23
1477
3일 14시간
137
359
11813
42
4488
4일 12시간
109
360
11707
248
17934
3일 15시간
134
361
11695
27
1902
3일 20시간
127
362
11666
17
1260
6일 1시간
80
363
11657
56
5306
4일 20시간
100
364
11641
42
2697
4일 4시간
116
365
11634
35
2966
6일 15시간
73
366
11504
20
1721
3일 4시간
151
367
11481
26
1351
3일 17시간
129
368
11455
19
1745
6일 16시간
71
369
11450
142
4654
4일 10시간
107
370
11375
32
2226
5일 7시간
89
371
11306
10
98
15시간 5분
750
372
11294
12
1887
9일 1시간
52
373
11288
19
1842
2일 3시간
219
374
11279
13
1143
5일 9시간
87
375
11211
25
1992
4일 5시간
111
376
11200
16
138
1일 8시간
343
377
11099
25
1625
7일 10시간
62
378
11093
21
2023
4일 23시간
93
379
11019
23
1154
3일 23시간
115
380
11010
46
3206
1일 16시간
271
381
11003
22
2353
4일 12시간
102
382
10895
27
1826
6일 11시간
70
383
10868
16
1500
6일 12시간
70
384
10790
27
2088
9일 2시간
49
385
10626
23
1560
3일 10시간
128
386
10538
40
1260
2일 6시간
194
387
10534
38
4579
6일 22시간
63
388
10476
147
5086
2일 23시간
147
389
10421
22
1152
4일 3시간
105
390
10420
25
2913
6일 13시간
66
391
10414
18
827
10시간 13분
1019
392
10358
28
727
18시간 53분
548
393
10348
26
1369
6일 6시간
69
394
10232
13
986
5일 14시간
76
395
10205
11
735
3일 20시간
111
396
9939
13
710
2일 10시간
170
397
9865
254
26609
3일 4시간
128
398
9836
28
1020
2일 11시간
164
399
9784
20
1080
4일 21시간
84
400
9763
19
1261
3일 17시간
109
401
9699
20
1820
7일 16시간
52
402
9556
507
9971
4일 2시간
97
403
9552
44
2029
5일 18시간
69
404
9542
26
2754
7일 3시간
56
405
9516
17
2446
10일 7시간
39
406
9456
19
1378
7일 16시간
51
407
9344
19
433
1일 6시간
302
408
9302
19
730
2일 14시간
149
409
9243
35
1663
4일 6시간
90
410
9225
20
842
3일 23시간
97
411
9204
42
2874
6일 1시간
63
412
9204
22
1884
5일 16시간
67
413
9196
29
2401
8일 18시간
44
414
9096
34
4677
9일 9시간
40
415
9090
45
1952
8일 22시간
42
416
9058
41
4815
8일 5시간
46
417
9005
38
3542
4일 3시간
91
418
8976
32
3419
13일 12시간
28
419
8951
16
1400
7일 4시간
52
420
8855
957
63712
2일 9시간
154
421
8830
26
3020
6일 23시간
53
422
8780
2207
98969
3일 2시간
118
423
8775
28
2088
3일 22시간
93
424
8756
36
3749
5일 19시간
63
425
8697
22
2373
7일 9시간
49
426
8691
11
1414
7일 3시간
51
427
8634
29
2154
4일 11시간
80
428
8539
22
965
5일 23시간
60
429
8501
15
972
8일 13시간
41
430
8435
26
3479
8일 14시간
41
431
8392
9
609
1일 22시간
180
432
8391
14
965
5일 2시간
68
433
8387
51
3265
3일 19시간
92
434
8386
18
1680
5일 21시간
59
435
8333
23
1755
4일 9시간
79
436
8275
13
1204
6일 5시간
56
437
8275
18
1405
3일 6시간
105
438
8239
37
976
18시간 13분
452
439
8220
20
2329
6일 0시간
57
440
8190
37
1403
6일 2시간
56
441
8182
57
2474
2일 20시간
120
442
8129
15
799
5일 17시간
59
443
8015
24
981
2일 22시간
114
444
7955
20
1280
5일 14시간
59
445
7858
25
1187
6일 18시간
48
446
7838
251
7121
4일 10시간
73
447
7788
21
1400
4일 8시간
75
448
7696
47
847
6일 7시간
51
449
7677
15
1707
3일 23시간
80
450
7653
16
495
2일 3시간
149
451
7646
28
2054
4일 18시간
67
452
7646
10
416
4일 1시간
78
453
7622
34
1775
7일 5시간
44
454
7619
184
5224
5일 5시간
61
455
7579
22
2081
5일 3시간
61
456
7547
18
1391
3일 16시간
85
457
7498
91
3727
21시간 56분
342
458
7439
24
2173
9일 19시간
32
459
7417
20
1628
9일 6시간
33
460
7408
14
1339
6일 22시간
45
461
7369
88
3373
7일 8시간
42
462
7360
26
1242
4일 8시간
70
463
7348
19
1210
4일 11시간
68
464
7323
20
1653
7일 8시간
42
465
7298
14
1018
2일 14시간
116
466
7295
12
1367
9일 23시간
30
467
7260
69
3487
18시간 47분
386
468
7248
30
562
19시간 14분
377
469
7245
22
1081
3일 3시간
97
470
7216
47
3005
4일 20시간
62
471
7204
13
742
3일 10시간
88
472
7203
27
1354
4일 11시간
67
473
7192
496
19494
7일 0시간
43
474
7152
33
4131
6일 19시간
44
475
7143
21
1356
3일 10시간
87
476
7134
12
345
1일 23시간
151
477
7114
18
1291
3일 7시간
90
478
7089
80
3134
2일 2시간
141
479
7055
44
2715
4일 5시간
70
480
6998
11
368
1일 13시간
189
481
6958
173
8386
4일 4시간
69
482
6923
24
904
1일 19시간
160
483
6895
68
4657
4일 21시간
59
484
6854
18
616
2일 10시간
116
485
6843
13
1365
5일 18시간
49
486
6839
24
940
2일 16시간
106
487
6820
31
1288
4일 3시간
68
488
6754
289
2461
5일 2시간
55
489
6694
22
734
1일 4시간
236
490
6661
21
737
1일 20시간
150
491
6615
41
1899
2일 17시간
101
492
6537
10
1376
7일 15시간
36
493
6536
8
325
6일 4시간
44
494
6507
18
1792
4일 10시간
61
495
6484
31
2855
15일 7시간
18
496
6450
17
1230
9일 2시간
30
497
6427
19
2005
7일 13시간
35
498
6423
12
1080
4일 21시간
55
499
6405
24
562
9시간 19분
687
500
6389
17
951
7일 7시간
36
501
6387
10
1996
6일 19시간
39
502
6368
17
1345
6일 23시간
38
503
6366
29
171
19시간 40분
324
504
6315
22
2332
14일 23시간
18
505
6314
35
3591
4일 8시간
61
506
6290
24
3734
6일 1시간
43
507
6288
18
1362
4일 12시간
58
508
6177
13
557
1일 19시간
141
509
6164
29
2598
4일 20시간
53
510
6094
15
543
2일 1시간
123
511
6084
7
414
4일 12시간
56
512
6062
24
1316
5일 23시간
42
513
6046
18
1320
3일 7시간
76
514
6034
14
83
5시간 44분
1050
515
6018
15
954
3일 0시간
83
516
5990
22
2905
5일 4시간
48
517
5955
67
2431
6일 12시간
38
518
5953
22
1458
4일 2시간
60
519
5899
15
1098
4일 10시간
56
520
5870
13
354
1일 18시간
140
521
5816
242
2303
4일 5시간
57
522
5812
326
9479
22시간 29분
258
523
5803
18
1237
3일 1시간
78
524
5755
63
4994
4일 2시간
59
525
5748
11
551
3일 4시간
75
526
5732
68
5405
4일 6시간
56
527
5728
26
1160
3일 20시간
62
528
5692
40
3052
6일 1시간
39
529
5670
17
1802
7일 10시간
32
530
5648
19
2122
6일 23시간
34
531
5615
43
2242
6일 1시간
39
532
5601
25
1418
3일 9시간
69
533
5595
15
851
1일 5시간
188
534
5591
30
1338
1일 19시간
129
535
5590
15
494
2일 6시간
103
536
5546
23
1924
7일 2시간
33
537
5511
12
416
1일 5시간
186
538
5476
32
923
1일 7시간
175
539
5468
16
598
1일 22시간
117
540
5453
15
378
2일 10시간
93
541
5427
19
870
5일 20시간
39
542
5398
29
420
2일 0시간
111
543
5392
25
2006
3일 11시간
65
544
5375
15
460
1일 14시간
139
545
5361
17
832
2일 12시간
89
546
5355
16
547
21시간 6분
254
547
5340
17
1058
4일 6시간
52
548
5326
18
729
3일 1시간
73
549
5313
11
344
2일 13시간
86
550
5291
12
980
1일 16시간
130
551
5273
14
702
4일 17시간
46
552
5245
23
886
3일 8시간
65
553
5235
11
356
23시간 43분
221
554
5217
6
117
10시간 5분
517
555
5148
16
647
4일 1시간
53
556
5105
1239
44374
1일 6시간
168
557
5098
14
1572
6일 23시간
30
558
5094
17
537
3일 9시간
63
559
5090
7
612
6일 19시간
31
560
5027
25
2055
11일 2시간
19
561
5024
38
2240
6일 12시간
32
562
4999
12
1448
11일 20시간
18
563
4990
14
1191
7일 13시간
27
564
4972
18
1185
6일 1시간
34
565
4955
20
630
2일 15시간
78
566
4941
10
432
1일 11시간
138
567
4940
22
1519
5일 19시간
35
568
4930
27
1702
8일 7시간
25
569
4913
25
572
17시간 18분
284
570
4903
16
811
3일 7시간
62
571
4857
8
624
2일 1시간
97
572
4846
59
1410
1일 17시간
117
573
4839
10
192
22시간 21분
216
574
4828
13
862
4일 23시간
41
575
4823
24
238
14시간 50분
325
576
4809
19
1256
8일 15시간
23
577
4808
39
1194
6일 19시간
29
578
4796
23
936
3일 1시간
65
579
4730
16
1714
8일 23시간
22
580
4706
14
878
1일 22시간
101
581
4659
13
733
6일 0시간
32
582
4634
22
2060
4일 18시간
40
583
4633
20
984
3일 8시간
58
584
4579
27
1572
8일 11시간
23
585
4525
28
1457
3일 21시간
48
586
4519
12
1583
7일 3시간
26
587
4518
14
1165
3일 16시간
51
588
4490
19
926
2일 14시간
72
589
4487
13
670
2일 14시간
72
590
4442
33
1363
6일 17시간
28
591
4413
25
2267
7일 21시간
23
592
4399
33
1604
1일 4시간
155
593
4393
24
1866
3일 19시간
48
594
4372
30
1744
7일 4시간
25
595
4362
22
1024
2일 18시간
66
596
4312
22
1502
6일 19시간
26
597
4300
21
354
4일 15시간
39
598
4286
17
1044
5일 6시간
34
599
4271
13
737
2일 21시간
62
600
4241
17
1092
5일 21시간
30
601
4239
48
2298
3일 15시간
49
602
4227
18
966
2일 19시간
62
603
4220
19
416
3일 15시간
48
604
4165
16
317
23시간 26분
178
605
4164
7
603
3일 13시간
49
606
4161
24
2784
7일 17시간
22
607
4149
13
792
3일 18시간
46
608
4124
32
1620
7일 17시간
22
609
4099
18
462
2일 6시간
75
610
4099
13
1233
2일 6시간
76
611
4044
16
582
3일 10시간
49
612
4018
190
8502
3일 18시간
44
613
3985
11
326
1일 5시간
134
614
3975
25
2508
6일 19시간
24
615
3935
15
1301
8일 5시간
20
616
3929
13
367
2일 16시간
61
617
3869
19
1261
9일 3시간
18
618
3848
28
993
4일 9시간
36
619
3830
8
701
4일 3시간
38
620
3788
13
789
4일 16시간
34
621
3782
16
283
1일 11시간
106
622
3724
15
2134
8일 23시간
17
623
3711
128
7585
3일 9시간
46
624
3687
21
750
2일 20시간
53
625
3677
14
971
5일 0시간
31
626
3665
22
900
4일 4시간
37
627
3659
11
514
5일 0시간
30
628
3657
13
844
3일 4시간
48
629
3621
15
785
3일 13시간
42
630
3592
14
1248
4일 15시간
32
631
3589
24
1563
3일 11시간
43
632
3587
888
8445
5일 18시간
26
633
3560
19
1185
3일 22시간
38
634
3533
28
2138
6일 3시간
24
635
3528
14
1123
5일 19시간
25
636
3500
10
808
9일 4시간
16
637
3480
8
233
1일 6시간
115
638
3456
24
1421
5일 17시간
25
639
3452
13
255
1일 0시간
139
640
3452
19
903
7일 17시간
19
641
3447
20
1119
8일 12시간
17
642
3446
23
660
2일 5시간
65
643
3440
9
480
2일 21시간
49
644
3393
17
728
1일 20시간
76
645
3392
18
623
1일 3시간
125
646
3390
13
1373
9일 12시간
15
647
3330
13
709
5일 3시간
27
648
3306
84
1973
1일 22시간
71
649
3272
12
709
3일 23시간
34
650
3271
18
1070
1일 15시간
83
651
3266
17
320
2일 18시간
49
652
3248
19
906
4일 11시간
30
653
3225
18
2219
7일 8시간
18
654
3223
7
188
12시간 33분
256
655
3182
20
1802
6일 13시간
20
656
3178
16
180
4시간 45분
668
657
3176
6
852
7일 21시간
17
658
3175
16
1025
2일 3시간
62
659
3153
9
710
6일 20시간
19
660
3147
31
2085
2일 15시간
50
661
3145
16
1116
4일 13시간
29
662
3140
23
740
1일 5시간
106
663
3131
10
734
4일 13시간
28
664
3113
27
3461
6일 1시간
21
665
3092
30
1516
5일 23시간
22
666
3092
20
1074
7일 5시간
18
667
3086
46
20491
7일 15시간
17
668
3066
25
1146
2일 9시간
54
669
3060
23
1721
8일 6시간
15
670
3060
8
381
4일 5시간
30
671
3037
24
1269
7일 13시간
17
672
3020
17
679
3일 8시간
37
673
3005
9
411
4일 6시간
29
674
2986
8
884
5일 3시간
24
675
2979
16
383
13시간 45분
216
676
2956
21
1834
7일 4시간
17
677
2949
18
391
1일 0시간
121
678
2944
203
11356
4일 2시간
30
679
2929
10
776
7일 10시간
16
680
2927
7
382
3일 3시간
39
681
2920
13
259
16시간 58분
172
682
2911
24
667
4일 18시간
25
683
2893
18
1292
8일 12시간
14
684
2885
27
1814
5일 2시간
24
685
2875
10
832
6일 16시간
18
686
2870
26
1425
4일 10시간
27
687
2864
12
618
4일 16시간
25
688
2850
13
999
6일 7시간
19
689
2837
16
877
6일 7시간
19
690
2832
27
659
1일 5시간
97
691
2824
27
1912
13일 17시간
9
692
2811
10
528
4일 6시간
27
693
2807
25
1383
5일 4시간
23
694
2805
10
839
11일 14시간
10
695
2797
20
1126
4일 9시간
26
696
2736
12
446
1일 23시간
58
697
2706
28
1024
3일 0시간
37
698
2696
12
255
1일 1시간
104
699
2674
19
518
1일 22시간
57
700
2667
13
524
3일 12시간
32
701
2660
17
1334
2일 21시간
38
702
2655
16
536
2일 7시간
48
703
2652
15
1118
5일 8시간
21
704
2651
9
390
4일 16시간
24
705
2636
102
5949
2일 16시간
41
706
2628
15
262
2일 15시간
41
707
2608
11
427
4일 6시간
25
708
2601
21
1259
6일 3시간
18
709
2601
16
411
1일 19시간
60
710
2592
21
997
3일 7시간
33
711
2585
9
513
4일 17시간
23
712
2582
15
401
1일 4시간
90
713
2579
13
483
2일 12시간
43
714
2562
5
225
3일 0시간
35
715
2549
14
606
2일 10시간
44
716
2544
17
808
5일 0시간
21
717
2516
12
731
3일 6시간
32
718
2492
21
792
2일 1시간
51
719
2474
16
1262
6일 21시간
15
720
2472
314
6983
1일 17시간
60
721
2466
18
738
2일 21시간
36
722
2449
7
322
4일 19시간
21
723
2412
12
895
4일 6시간
24
724
2404
12
333
1일 21시간
53
725
2400
71
795
8시간 58분
267
726
2399
12
873
4일 12시간
22
727
2357
13
455
2일 4시간
45
728
2342
73
6997
6일 10시간
15
729
2323
11
862
7일 6시간
13
730
2288
13
379
1일 18시간
54
731
2283
18
153
8시간 56분
255
732
2282
9
318
3일 15시간
26
733
2276
17
868
3일 18시간
25
734
2257
10
353
1일 19시간
52
735
2245
15
914
7일 6시간
13
736
2241
25
1557
4일 15시간
20
737
2235
13
353
1일 13시간
60
738
2229
79
11137
4일 12시간
21
739
2225
15
1341
5일 23시간
16
740
2202
11
1479
6일 7시간
15
741
2174
13
243
1일 2시간
83
742
2151
13
944
4일 17시간
19
743
2118
10
194
10시간 18분
205
744
2115
13
1102
4일 0시간
22
745
2105
22
1662
3일 12시간
25
746
2098
9
524
2일 12시간
35
747
2094
12
696
4일 12시간
19
748
2093
9
348
3일 17시간
23
749
2045
17
1442
11일 1시간
8
750
2044
15
592
4일 9시간
19
751
2041
10
551
7일 8시간
12
752
2035
19
2433
5일 5시간
16
753
2031
21
182
11시간 28분
177
754
2026
36
1939
4일 3시간
20
755
2023
14
354
3일 0시간
28
756
2021
10
450
1일 8시간
63
757
2021
15
681
5일 17시간
15
758
2003
3
12
5시간 59분
335
759
2000
4
264
3일 9시간
25
760
1999
12
1387
7일 14시간
11
761
1997
15
142
13시간 48분
145
762
1995
8
465
3일 12시간
24
763
1993
16
1482
7일 14시간
11
764
1983
11
590
3일 2시간
26
765
1981
4
72
1일 15시간
50
766
1973
17
599
3일 4시간
26
767
1971
32
2868
6일 6시간
13
768
1966
4
155
2일 10시간
33
769
1958
13
1406
8일 12시간
10
770
1934
10
320
2일 17시간
29
771
1933
29
924
3일 5시간
25
772
1933
16
823
4일 5시간
19
773
1916
9
210
2일 9시간
34
774
1915
41
2085
5일 7시간
15
775
1912
10
904
8일 20시간
9
776
1907
13
622
3일 4시간
25
777
1905
15
452
3일 14시간
22
778
1892
12
562
6일 16시간
12
779
1889
14
1169
4일 15시간
17
780
1882
18
836
2일 20시간
27
781
1880
16
1262
3일 16시간
21
782
1876
17
877
3일 17시간
21
783
1875
9
323
3일 10시간
23
784
1871
19
649
2일 12시간
31
785
1845
10
1688
7일 21시간
10
786
1832
21
620
2일 22시간
26
787
1831
13
505
3일 6시간
23
788
1828
20
339
18시간 10분
101
789
1826
18
1747
11일 20시간
6
790
1826
13
2079
7일 4시간
11
791
1821
11
670
6일 11시간
12
792
1800
7
208
1일 14시간
46
793
1798
10
232
1일 4시간
64
794
1790
12
421
3일 12시간
21
795
1789
6
241
4일 23시간
15
796
1783
20
947
4일 8시간
17
797
1783
5
288
3일 10시간
22
798
1770
8
138
14시간 14분
124
799
1769
29
1986
5일 8시간
14
800
1759
12
1000
3일 19시간
19
801
1750
18
1069
4일 2시간
18
802
1750
20
429
7일 21시간
9
803
1735
16
986
4일 16시간
15
804
1730
9
202
19시간 38분
88
805
1726
14
286
1일 15시간
44
806
1718
14
339
1일 15시간
44
807
1714
15
1980
5일 1시간
14
808
1700
5
104
23시간 41분
72
809
1694
9
536
3일 22시간
18
810
1694
22
907
7일 13시간
9
811
1679
12
1154
3일 17시간
19
812
1678
36
522
1일 16시간
42
813
1672
10
814
11일 9시간
6
814
1658
22
1535
7일 20시간
9
815
1656
11
321
1일 2시간
64
816
1653
12
571
4일 17시간
15
817
1643
41
922
8일 4시간
8
818
1642
10
258
3일 16시간
19
819
1639
49
2065
4일 8시간
16
820
1627
20
851
1일 19시간
37
821
1622
11
395
4일 18시간
14
822
1613
30
1801
3일 21시간
17
823
1610
17
520
3일 8시간
20
824
1605
15
1078
6일 22시간
10
825
1602
15
444
2일 9시간
28
826
1592
15
486
1일 16시간
39
827
1581
14
775
3일 5시간
20
828
1581
6
217
2일 23시간
22
829
1580
13
1097
6일 11시간
10
830
1576
13
206
1일 8시간
49
831
1565
22
1493
2일 20시간
23
832
1552
8
95
1일 7시간
49
833
1547
9
473
3일 8시간
19
834
1545
6
387
4일 0시간
16
835
1545
15
603
3일 14시간
18
836
1544
22
669
4일 9시간
15
837
1542
12
754
3일 10시간
19
838
1538
17
271
17시간 47분
86
839
1524
12
351
4일 3시간
15
840
1517
6
155
1일 14시간
40
841
1516
9
307
1일 14시간
39
842
1515
8
358
4일 22시간
13
843
1509
8
332
4일 11시간
14
844
1509
10
421
3일 10시간
18
845
1501
6
54
1일 15시간
38
846
1489
12
837
2일 14시간
24
847
1484
23
897
4일 8시간
14
848
1478
13
1064
5일 12시간
11
849
1466
10
1052
8일 15시간
7
850
1463
10
247
2일 10시간
25
851
1463
13
571
1일 20시간
33
852
1462
10
319
1일 13시간
39
853
1462
8
433
4일 11시간
14
854
1453
31
354
11시간 4분
131
855
1449
12
228
1일 8시간
45
856
1443
15
929
3일 0시간
20
857
1441
154
3681
13시간 15분
109
858
1440
17
2021
7일 20시간
8
859
1439
14
660
5일 14시간
11
860
1433
16
707
5일 18시간
10
861
1433
18
764
5일 12시간
11
862
1411
13
1474
10일 23시간
5
863
1411
8
552
5일 12시간
11
864
1400
16
588
4일 13시간
13
865
1399
11
375
2일 4시간
26
866
1394
17
778
4일 11시간
13
867
1387
21
2401
8일 2시간
7
868
1381
7
411
4일 10시간
13
869
1380
38640
2799341
2일 22시간
20
870
1377
9
768
10일 2시간
6
871
1376
10
162
1일 18시간
33
872
1362
9
201
3일 2시간
18
873
1358
22
1283
5일 17시간
10
874
1352
11
348
2일 15시간
21
875
1347
7
272
5일 19시간
10
876
1345
9
314
5일 6시간
11
877
1338
29
371
2일 13시간
22
878
1334
13
438
3일 14시간
15
879
1323
27
1682
3일 0시간
18
880
1316
60
1780
3일 16시간
15
881
1304
15
994
5일 22시간
9
882
1300
3
61
3일 7시간
16
883
1300
7
189
19시간 39분
66
884
1290
8
206
1일 22시간
28
885
1290
8
598
5일 3시간
10
886
1286
13
662
4일 22시간
11
887
1285
12
377
2일 20시간
19
888
1274
7
268
5일 16시간
9
889
1269
15
570
1일 11시간
36
890
1267
7
579
10일 5시간
5
891
1253
7
311
5일 13시간
9
892
1253
11
250
3일 0시간
17
893
1248
15
817
4일 10시간
12
894
1245
13
1132
8일 9시간
6
895
1243
12
296
2일 19시간
18
896
1243
12
1007
4일 16시간
11
897
1238
12
551
3일 16시간
14
898
1231
8
336
2일 7시간
22
899
1227
38
2534
5일 3시간
10
900
1227
8
348
3일 5시간
16
901
1225
16
480
7일 13시간
7
902
1225
28
2579
6일 18시간
8
903
1224
20
616
2일 13시간
20
904
1220
14
682
6일 2시간
8
905
1217
17
1423
7일 1시간
7
906
1210
8
445
3일 19시간
13
907
1208
7
152
1일 1시간
48
908
1203
13
1239
5일 3시간
10
909
1200
18
1002
4일 14시간
11
910
1199
19
283
9시간 15분
129
911
1198
6
372
4일 20시간
10
912
1197
10
509
3일 21시간
13
913
1189
23
568
4일 16시간
11
914
1189
13
627
5일 8시간
9
915
1188
12
416
2일 8시간
21
916
1181
12
983
7일 11시간
7
917
1181
11
485
2일 7시간
21
918
1181
11
604
3일 22시간
13
919
1168
12
325
10시간 15분
114
920
1157
34
294
7시간 14분
160
921
1156
9
323
4일 1시간
12
922
1155
143
1122
2일 3시간
23
923
1153
9
118
1일 4시간
41
924
1152
8
986
4일 16시간
10
925
1151
11
402
2일 16시간
18
926
1144
11
583
4일 11시간
11
927
1144
22
428
1일 23시간
24
928
1142
343
6562
3일 8시간
14
929
1141
11
298
2일 13시간
19
930
1140
29
1175
1일 20시간
26
931
1133
5
130
1일 23시간
24
932
1133
15
989
3일 9시간
14
933
1127
10
142
1일 17시간
27
934
1125
10
640
8일 19시간
5
935
1121
44
2698
6일 15시간
7
936
1120
10
915
4일 12시간
10
937
1115
9
1002
4일 13시간
10
938
1114
12
627
4일 2시간
11
939
1110
20
513
1일 14시간
29
940
1110
13
613
3일 22시간
12
941
1109
17
667
2일 13시간
18
942
1105
14
670
1일 19시간
26
943
1104
9
374
4일 15시간
10
944
1103
6
90
12시간 31분
88
945
1099
13
718
6일 20시간
7
946
1093
12
943
3일 4시간
14
947
1092
17
1572
6일 21시간
7
948
1081
16
133
11시간 17분
96
949
1079
7
285
2일 18시간
16
950
1079
8
231
1일 22시간
23
951
1063
9
360
4일 6시간
10
952
1057
9
173
1일 11시간
30
953
1055
17
850
3일 7시간
13
954
1053
14
674
4일 3시간
11
955
1051
18
613
1일 21시간
23
956
1050
10
94
12시간 45분
82
957
1043
16
1108
5일 4시간
8
958
1034
9
383
1일 7시간
33
959
1030
4
87
1일 20시간
23
960
1028
22
508
7시간 50분
131
961
1023
4
243
6일 20시간
6
962
1022
8
242
3일 3시간
13
963
1020
10
822
7일 17시간
6
964
1018
159
3275
4일 4시간
10
965
1016
7
58
14시간 45분
69
966
1014
13
1313
4일 0시간
11
967
1009
11
311
1일 20시간
23
968
1007
14
555
1일 6시간
33
969
1006
6
169
3일 0시간
14
970
999
26
1059
3일 4시간
13
971
997
8
704
7일 21시간
5
972
996
22
1014
4일 3시간
10
973
996
11
355
4일 14시간
9
974
990
14
638
6일 18시간
6
975
987
15
180
11시간 42분
84
976
987
7
161
2일 4시간
19
977
986
11
806
8일 8시간
5
978
984
22
277
18시간 54분
52
979
982
13
389
3일 12시간
12
980
972
10
463
2일 8시간
17
981
962
12
1015
8일 14시간
5
982
942
10
490
5일 4시간
8
983
940
2
34
2일 16시간
15
984
938
14
608
4일 5시간
9
985
935
11
2763
11일 16시간
3
986
930
12
893
7일 5시간
5
987
929
11
984
5일 17시간
7
988
923
71
2342
1일 6시간
30
989
917
8
453
3일 7시간
12
990
914
11
483
4일 0시간
10
991
914
12
547
3일 18시간
10
992
914
13
191
1일 16시간
23
993
908
12
428
2일 20시간
13
994
903
10
672
3일 20시간
10
995
897
18
208
13시간 37분
66
996
897
79
7383
6일 9시간
6
997
895
8
692
8일 7시간
4
998
890
17
1999
7일 5시간
5
999
886
15
186
8시간 48분
101
1000
879
7
197
3일 5시간
11