1
555072
100687
17002109
7일 9시간
3123
2
528904
35851
8356315
8일 1시간
2735
3
516781
21049
828705
5일 4시간
4160
4
498461
21627
2353634
3일 22시간
5251
5
473572
24039
1584844
3일 13시간
5522
6
465354
14313
489878
5일 18시간
3348
7
444032
11003
1110848
5일 11시간
3385
8
441448
13421
1606138
15일 20시간
1162
9
435512
6265
985130
9일 7시간
1953
10
432087
17419
919327
9일 3시간
1972
11
417536
20866
4099188
11일 9시간
1529
12
405542
74948
1830742
3일 2시간
5457
13
393445
27254
3026288
6일 6시간
2616
14
377448
1626
56963
4일 8시간
3597
15
374685
5157
374182
4일 6시간
3649
16
367091
5513
421478
7일 16시간
1992
17
346540
10214
545764
5일 0시간
2867
18
344248
9053
1239996
9일 20시간
1454
19
325811
10737
855184
6일 22시간
1954
20
317106
4184
113005
5일 0시간
2642
21
309047
42685
2186267
2일 10시간
5259
22
308085
2252
61855
3일 2시간
4155
23
302376
9852
802813
6일 17시간
1877
24
301390
12386
647018
4일 18시간
2643
25
273954
23642
1236789
7일 21시간
1445
26
270486
21262
1176981
6일 6시간
1795
27
267523
6841
784136
7일 7시간
1522
28
258040
2698
333155
5일 16시간
1890
29
241103
119991
2264999
14시간 35분
16520
30
235034
5502
392700
8일 17시간
1122
31
234543
15958
1449792
5일 23시간
1636
32
225075
737
46472
4일 12시간
2066
33
224776
1434
153601
5일 11시간
1703
34
221144
5442
751312
5일 0시간
1836
35
220551
1437
148028
6일 14시간
1394
36
218626
7106
744551
3일 11시간
2626
37
212918
22813
1592655
2일 11시간
3569
38
209023
3482
176712
3일 8시간
2586
39
196712
5709
252236
7일 21시간
1038
40
194876
8666
319010
6일 13시간
1235
41
191101
20755
891655
5일 11시간
1452
42
189401
8168
214468
5일 16시간
1386
43
185636
68
8412
5일 16시간
1356
44
185569
1829
158499
2일 3시간
3624
45
182706
11254
465830
4일 2시간
1852
46
172687
5246
289778
7일 19시간
923
47
169917
6607
325495
6일 17시간
1052
48
165645
5806
230645
6일 20시간
1008
49
155620
5095
161748
4일 19시간
1353
50
155460
1539
49785
2일 16시간
2423
51
150842
417
32659
6일 9시간
981
52
149762
103
4977
5일 17시간
1089
53
144727
2055
121545
5일 16시간
1059
54
139598
692
35946
6일 3시간
948
55
138649
7640
278441
2일 13시간
2248
56
135437
36
2108
8일 17시간
645
57
127440
6996
220941
7일 22시간
668
58
125838
37772
2721315
1일 14시간
3275
59
122129
321
19547
7일 16시간
662
60
112593
6594
237189
7일 7시간
640
61
110178
36
2311
4일 22시간
928
62
108984
515
66000
8일 1시간
565
63
108181
3215
82676
7일 15시간
588
64
107053
2875
285681
6일 15시간
670
65
105172
3870
507329
4일 12시간
969
66
104225
2259
187069
10일 11시간
415
67
101424
38
3781
6일 1시간
696
68
100068
585
57473
8일 23시간
464
69
99839
24
3240
6일 16시간
623
70
96469
85
5340
10일 4시간
395
71
95089
441
12043
1일 20시간
2152
72
94644
57
7149
12일 1시간
327
73
93212
106
10334
11일 9시간
341
74
91280
179
17310
6일 1시간
626
75
91186
163
13642
7일 10시간
511
76
89685
183
12815
8일 2시간
461
77
88910
56
4709
3일 0시간
1226
78
87847
62
5880
7일 21시간
464
79
87424
152
5053
6일 20시간
530
80
86514
35
2637
6일 2시간
590
81
86125
39
2508
4일 15시간
774
82
85035
33
4635
11일 15시간
304
83
81864
16
2334
12일 10시간
274
84
80028
39
4566
6일 18시간
493
85
79927
49
2334
9일 18시간
341
86
79745
36
4184
11일 11시간
289
87
79153
10883
195394
3일 17시간
889
88
76994
162
12835
4일 4시간
763
89
75450
30
2970
3일 21시간
806
90
74503
753
48050
4일 19시간
643
91
74179
1481
73979
3일 20시간
799
92
74152
161
9414
2일 3시간
1452
93
73574
67
2495
5일 13시간
550
94
73285
12550
464400
8일 14시간
354
95
71646
83
3948
4일 3시간
722
96
71555
34
3036
3일 3시간
954
97
71277
61
5308
5일 13시간
533
98
70680
240
22145
5일 23시간
493
99
68861
30
2447
5일 13시간
514
100
68631
59
6705
7일 10시간
384
101
68235
11
1737
2일 19시간
1013
102
68130
28
4969
14일 0시간
203
103
67643
40
11825
11일 16시간
241
104
67549
94
6959
8일 4시간
344
105
67406
247
29382
9일 7시간
301
106
67213
53
4849
9일 20시간
285
107
66108
36
4159
7일 22시간
348
108
64844
132
13651
7일 3시간
379
109
64714
2632
38085
3일 4시간
850
110
64687
33
2575
6일 10시간
418
111
62514
6895
204885
2일 15시간
986
112
61799
19
2212
2일 19시간
916
113
61521
263
47598
8일 0시간
320
114
61077
2149
122030
3일 10시간
744
115
60922
93
3197
4일 0시간
629
116
60682
37
3591
7일 10시간
340
117
60523
55
2817
6일 9시간
393
118
59932
69
5327
5일 0시간
497
119
59763
431
24204
1일 18시간
1404
120
59538
128
6713
6일 9시간
389
121
59029
255
34006
3일 7시간
742
122
58812
976
64907
5일 22시간
412
123
58671
27
2075
5일 22시간
413
124
57881
136
8811
5일 13시간
432
125
57565
41
2105
4일 3시간
580
126
57295
25
2962
13일 1시간
183
127
56531
30
3481
7일 10시간
316
128
55856
267
7103
4일 20시간
481
129
55765
23
1959
4일 8시간
534
130
55728
24
1550
4일 1시간
571
131
55476
38
3962
7일 4시간
322
132
54029
94
17078
8일 23시간
250
133
54007
359
27955
4일 6시간
529
134
53873
259
16371
2일 11시간
898
135
53679
54
3882
6일 12시간
343
136
53402
45
1481
1일 12시간
1455
137
53140
14635
176070
2일 0시간
1100
138
52343
1083
58306
6일 10시간
339
139
52329
23
1109
3일 14시간
603
140
51690
416
4572
6일 3시간
349
141
51529
217
20079
7일 12시간
286
142
51219
41
4397
3일 16시간
582
143
50693
310
12302
2일 5시간
949
144
50507
59
3585
8일 7시간
254
145
50433
28
1565
7일 18시간
270
146
50110
5889
311202
3일 19시간
549
147
50016
266
24449
4일 10시간
468
148
49839
225
13621
6일 14시간
314
149
49822
177
4134
6일 14시간
314
150
49192
6127
95165
5일 0시간
409
151
48394
29
2371
5일 9시간
373
152
47763
694
20286
6일 1시간
329
153
47601
9
342
1일 18시간
1123
154
47546
64
6176
9일 3시간
217
155
46843
1373
70251
1일 18시간
1102
156
46778
37
20671
8일 10시간
231
157
46549
34
1946
5일 5시간
371
158
46247
30
1062
1일 18시간
1084
159
44372
22
3446
12일 13시간
147
160
43997
154
15537
5일 12시간
332
161
43936
170
4645
10일 16시간
171
162
43432
145
10938
6일 22시간
261
163
43349
39
3421
9일 18시간
185
164
43121
284
33451
7일 23시간
226
165
42469
27
3636
10일 23시간
161
166
42352
45
3579
5일 12시간
319
167
42048
721
15623
7일 1시간
247
168
42044
59
7648
11일 8시간
154
169
41827
70
4092
2일 15시간
658
170
41816
20
2497
7일 5시간
241
171
41657
1859
70134
5일 19시간
298
172
41636
28
2448
5일 12시간
314
173
41625
18
1461
4일 20시간
358
174
41620
91
12090
7일 3시간
242
175
41535
173
3943
3일 20시간
451
176
41364
28
2785
5일 14시간
308
177
41345
34
2681
6일 15시간
259
178
41168
53
3040
9일 12시간
180
179
41077
454
48507
11일 2시간
154
180
41023
93
11110
7일 11시간
229
181
40861
29
2808
7일 7시간
233
182
40294
71
4783
5일 17시간
293
183
40006
30
1413
5일 2시간
327
184
39729
82
7238
10일 16시간
155
185
39431
27
2059
6일 10시간
256
186
39279
26
3093
9일 16시간
169
187
39266
18
972
2일 15시간
619
188
39107
27
2077
6일 11시간
251
189
38839
32
2031
4일 6시간
379
190
38574
73
3526
6일 7시간
255
191
38564
31
3151
5일 9시간
297
192
38416
50
3493
5일 20시간
273
193
38265
21
2176
6일 14시간
241
194
38225
28
4661
8일 21시간
179
195
37813
26
4398
11일 3시간
141
196
37487
2078
84244
4일 18시간
329
197
37280
33
2904
8일 19시간
176
198
37252
29
1909
5일 5시간
297
199
37155
47
3596
5일 2시간
304
200
37083
18
1188
4일 8시간
355
201
36782
119
4190
15일 12시간
99
202
36711
42
2629
4일 11시간
341
203
36438
55
2442
7일 14시간
200
204
36357
32
1520
4일 15시간
326
205
36237
15
1385
3일 16시간
412
206
36134
2685
263989
5일 20시간
257
207
36131
34
2707
13일 3시간
115
208
35946
31
2498
8일 7시간
180
209
35884
25
1830
4일 12시간
331
210
35589
136
2869
3일 11시간
425
211
35453
27
2806
6일 0시간
245
212
35274
35
2479
11일 18시간
125
213
35029
27
2970
9일 9시간
156
214
34981
31
2752
9일 15시간
151
215
34919
32
3260
6일 4시간
236
216
34790
17
2665
16일 13시간
88
217
34557
27
2439
6일 16시간
215
218
34176
46
2472
6일 20시간
207
219
33996
40
5464
7일 0시간
202
220
33981
39
2232
9일 22시간
143
221
33932
30
1227
2일 20시간
492
222
33906
32
1918
4일 3시간
341
223
33613
50
4893
4일 12시간
309
224
33298
121
3793
3일 19시간
363
225
33244
24
1562
5일 1시간
275
226
33139
34
4785
13일 6시간
104
227
33108
69
3207
4일 20시간
285
228
33024
48
3501
6일 23시간
197
229
32990
54
3383
3일 13시간
386
230
32927
24
1435
3일 11시간
396
231
32820
799
31653
6일 19시간
201
232
32696
35
3712
13일 8시간
102
233
32644
31
2222
3일 23시간
343
234
32589
39
3570
9일 0시간
151
235
32224
23
2185
6일 8시간
211
236
31774
21
2958
6일 9시간
207
237
31545
35
2693
10일 13시간
124
238
31533
21
2308
9일 9시간
140
239
31455
338
16483
2일 14시간
501
240
31172
21
3252
7일 19시간
167
241
31074
30
1882
4일 10시간
293
242
30713
23
1815
4일 18시간
269
243
30577
24
1831
5일 8시간
238
244
30359
136
3165
7일 6시간
174
245
30258
40
1854
3일 23시간
317
246
30224
38
1500
4일 12시간
279
247
30130
26
2418
8일 3시간
154
248
30127
19
1455
5일 3시간
243
249
29881
50
3246
6일 2시간
204
250
29867
51
2813
6일 17시간
185
251
29843
28
3060
4일 7시간
290
252
29810
20
1345
4일 4시간
296
253
29547
25
2170
8일 7시간
148
254
29482
20
2896
5일 8시간
230
255
29455
22
2951
6일 18시간
182
256
29374
26
1599
7일 12시간
162
257
29275
25
1694
6일 0시간
203
258
29037
34
1495
4일 6시간
284
259
28962
20
708
3일 13시간
340
260
28822
229
4741
8일 0시간
150
261
28704
17
1354
2일 13시간
465
262
28699
42
1770
1일 20시간
644
263
28568
20
1496
6일 16시간
178
264
28508
39
1565
5일 6시간
226
265
28481
45
2066
3일 1시간
387
266
28327
16
1569
7일 5시간
163
267
27899
26
1552
6일 20시간
169
268
27796
21
2100
9일 7시간
124
269
27459
25
2391
9일 17시간
118
270
27283
33
2281
6일 13시간
174
271
27258
34
2545
12일 5시간
93
272
27103
28
2851
7일 5시간
156
273
27088
25
1714
5일 5시간
216
274
26988
38
1745
3일 22시간
285
275
26788
33
1618
9일 0시간
124
276
26637
103
3419
4일 4시간
264
277
26516
20
719
3일 1시간
359
278
26267
24
1081
4일 7시간
253
279
26227
31
1945
10일 15시간
103
280
25966
26
2103
6일 21시간
157
281
25861
96
3558
8일 10시간
127
282
25851
20
1243
4일 19시간
223
283
25766
35
2831
6일 3시간
174
284
25456
20
1277
5일 21시간
180
285
25438
24
1382
4일 19시간
220
286
25274
29
2881
16일 9시간
64
287
25107
47
2371
7일 20시간
134
288
24995
313
22905
7일 7시간
142
289
24875
23
3264
11일 0시간
94
290
24710
16
1280
5일 21시간
175
291
24644
25
1670
5일 2시간
201
292
24473
21
2402
9일 11시간
107
293
24263
26
2551
7일 11시간
135
294
24242
37
2210
5일 4시간
195
295
24095
27
1922
3일 18시간
267
296
24036
31
2431
7일 11시간
134
297
24021
26
3521
11일 6시간
89
298
24015
18
975
5일 11시간
182
299
23828
28
1699
4일 22시간
201
300
23713
24
2008
4일 10시간
224
301
23592
30
1870
8일 22시간
110
302
23498
17
927
3일 13시간
276
303
23383
37
2071
5일 17시간
170
304
23248
24
3776
12일 17시간
76
305
23221
57
1576
5일 1시간
192
306
23206
30
2036
7일 11시간
129
307
23182
50
2174
4일 14시간
210
308
23134
61
2422
16일 3시간
60
309
23027
26
1952
3일 21시간
245
310
22858
27
2108
3일 16시간
258
311
22850
64
3584
13일 19시간
69
312
22782
30
2399
7일 1시간
134
313
22644
30
2624
2일 3시간
440
314
22480
117
4701
7일 19시간
120
315
22278
28
1761
6일 2시간
152
316
22219
23
1148
3일 20시간
241
317
22058
14
2599
10일 0시간
92
318
21935
27
3228
5일 7시간
173
319
21934
27
2906
10일 11시간
87
320
21817
32
1987
6일 18시간
134
321
21693
21
1401
5일 13시간
163
322
21643
196
25636
4일 9시간
205
323
21575
19
1811
13일 18시간
65
324
21527
26
2656
7일 3시간
125
325
21485
16
1012
2일 20시간
316
326
21369
133
10084
11일 18시간
76
327
21327
20
1266
3일 15시간
244
328
21218
103
5132
6일 10시간
137
329
21091
23
1224
2일 21시간
302
330
20884
31
2103
6일 20시간
127
331
20809
13
821
4일 9시간
196
332
20530
21
1947
7일 16시간
111
333
20493
80
2163
2일 17시간
315
334
20471
154
3790
6일 9시간
134
335
20381
16
1024
4일 3시간
206
336
20321
18
1515
7일 1시간
120
337
20300
805
44499
3일 4시간
265
338
20054
198
26380
8일 1시간
104
339
20029
19
3464
7일 7시간
114
340
19921
22
1457
5일 12시간
150
341
19918
32
2148
5일 13시간
150
342
19905
25
2486
7일 18시간
107
343
19898
19
1692
9일 8시간
88
344
19777
29
2281
7일 22시간
104
345
19716
19
1576
3일 10시간
238
346
19705
2346
112157
5일 0시간
164
347
19614
26
3442
11일 7시간
72
348
19543
3394
133461
3일 10시간
236
349
19150
28
1981
6일 14시간
121
350
18733
21
2313
7일 8시간
106
351
18718
15
785
11일 15시간
67
352
18647
22
1576
4일 6시간
183
353
18604
23
2433
12일 16시간
61
354
18572
117
4641
7일 7시간
106
355
18504
34
1508
4일 10시간
173
356
18461
31
1488
7일 17시간
99
357
18430
34
1802
4일 10시간
173
358
18323
86
4715
8일 9시간
91
359
18182
97
3466
4일 13시간
166
360
18177
20
2064
4일 9시간
172
361
18075
242
1855
8일 14시간
88
362
18038
30
797
2일 5시간
340
363
18014
23
1033
4일 14시간
164
364
17921
37
1717
5일 9시간
138
365
17800
35
3071
5일 5시간
142
366
17793
26
2001
6일 15시간
111
367
17782
18
1928
2일 5시간
330
368
17762
23
886
3일 6시간
225
369
17706
18
2241
7일 0시간
105
370
17659
27
1137
4일 2시간
180
371
17577
11
838
4일 18시간
154
372
17523
53
3018
5일 14시간
130
373
17477
131
4903
3일 8시간
216
374
17412
16
1538
5일 18시간
126
375
17376
17
1140
3일 15시간
199
376
17341
26
4396
8일 14시간
84
377
17203
17
525
1일 8시간
525
378
17167
17
1173
15일 22시간
45
379
17104
16
1268
5일 5시간
136
380
17022
19
1074
5일 21시간
120
381
16939
26
1205
2일 8시간
301
382
16791
30
1433
6일 6시간
111
383
16726
38
3033
10일 1시간
69
384
16627
21
1752
5일 23시간
116
385
16627
17
1129
5일 4시간
133
386
16614
29
1466
6일 2시간
113
387
16461
62
1553
11일 17시간
58
388
16414
109
3664
6일 3시간
111
389
16386
193
3139
6일 19시간
100
390
16370
36
2498
6일 16시간
102
391
16348
59
3636
7일 16시간
89
392
16347
33
2075
6일 10시간
106
393
16327
10
536
7일 4시간
95
394
16286
48
5805
4일 2시간
165
395
16241
13
976
6일 8시간
106
396
16240
45
2410
8일 2시간
84
397
16096
30
2072
8일 15시간
78
398
16000
34
3825
9일 1시간
73
399
15947
38
3915
8일 9시간
79
400
15897
89
2138
6일 7시간
105
401
15773
14
753
4일 19시간
137
402
15758
27
1862
8일 18시간
75
403
15749
422
7142
7일 8시간
89
404
15627
18
1889
3일 8시간
195
405
15608
35
2402
5일 17시간
114
406
15480
50
4917
9일 2시간
71
407
15447
21
1229
5일 15시간
114
408
15409
20
1777
7일 8시간
87
409
15385
20
1436
4일 15시간
138
410
15320
21
1526
5일 2시간
125
411
15221
35
2024
4일 22시간
129
412
15076
26
2617
6일 2시간
103
413
15040
18
1748
3일 14시간
174
414
14994
22
1429
5일 21시간
106
415
14859
37
2365
4일 0시간
154
416
14812
17
1858
8일 16시간
71
417
14802
196
3345
6일 7시간
98
418
14769
16
1170
6일 13시간
94
419
14760
29
1870
14일 6시간
43
420
14697
137
2087
4일 11시간
137
421
14641
22
2637
13일 4시간
46
422
14482
21
1515
7일 19시간
77
423
14464
16
986
5일 21시간
102
424
14415
171
7784
2일 12시간
236
425
14296
26
2245
6일 23시간
85
426
14094
43
1441
2일 10시간
240
427
14032
10
1294
5일 16시간
103
428
14015
279
1623
2일 13시간
228
429
14001
24
1626
6일 2시간
96
430
14001
19
1581
6일 14시간
88
431
13976
13
662
3일 1시간
190
432
13975
36
3129
6일 3시간
94
433
13929
2417
41743
7시간 8분
1952
434
13875
43
5638
6일 19시간
85
435
13683
25
2166
5일 14시간
102
436
13651
20
1258
7일 1시간
81
437
13627
31
1940
3일 12시간
161
438
13614
25
1866
8일 7시간
68
439
13524
52
2040
4일 20시간
116
440
13520
21
2605
7일 11시간
75
441
13466
12
574
2일 19시간
200
442
13323
15
899
2일 22시간
188
443
13286
2713
29036
4일 21시간
113
444
13218
29
1692
19일 5시간
29
445
13213
27
819
1일 17시간
322
446
12997
31
1421
4일 20시간
111
447
12994
9
820
8일 2시간
67
448
12883
31
2540
8일 9시간
64
449
12766
17
3017
6일 18시간
78
450
12670
21
2123
6일 23시간
75
451
12649
15
743
3일 0시간
174
452
12560
34
1458
10일 3시간
52
453
12323
103
4026
5일 19시간
88
454
12314
14
677
1일 19시간
283
455
12216
21
1534
5일 19시간
88
456
12116
24
757
6일 9시간
79
457
11824
23
1477
3일 14시간
137
458
11813
42
4488
4일 12시간
109
459
11803
23
1638
4일 5시간
116
460
11768
41
3082
7일 10시간
66
461
11762
27
1254
4일 3시간
118
462
11718
123
12888
6일 1시간
81
463
11707
248
17934
3일 15시간
134
464
11692
118
1907
5일 20시간
83
465
11687
23
1591
6일 8시간
77
466
11666
17
1260
6일 1시간
80
467
11664
21
1703
10일 3시간
48
468
11639
9
1248
8일 21시간
54
469
11560
16
1817
6일 19시간
71
470
11560
14
895
6일 8시간
76
471
11481
11
496
3일 9시간
141
472
11456
45
2087
7일 15시간
62
473
11420
86
2290
5일 9시간
88
474
11390
26
1221
7일 17시간
61
475
11375
32
2226
5일 7시간
89
476
11306
10
98
15시간 5분
750
477
11279
13
1143
5일 9시간
87
478
11256
16
1153
4일 22시간
95
479
11160
20
1713
6일 17시간
69
480
11135
193
1025
5일 4시간
90
481
11099
25
1625
7일 10시간
62
482
11063
16
667
1일 19시간
257
483
11018
17
2865
8일 23시간
51
484
10958
30
1531
3일 3시간
144
485
10893
18
932
4일 4시간
109
486
10868
16
1500
6일 12시간
70
487
10827
31
1577
3일 8시간
134
488
10790
27
2088
9일 2시간
49
489
10692
22
1022
5일 8시간
83
490
10690
11
637
4일 18시간
93
491
10682
24
2786
12일 18시간
35
492
10573
34
1209
3일 6시간
135
493
10558
46
2268
3일 17시간
118
494
10534
38
4579
6일 22시간
63
495
10497
21
1068
8일 0시간
55
496
10424
34
2532
5일 8시간
81
497
10421
22
1152
4일 3시간
105
498
10317
37
2679
5일 15시간
76
499
10303
22
2664
7일 19시간
55
500
10294
39
1527
3일 9시간
126
501
10254
14
1486
7일 5시간
59
502
10232
13
986
5일 14시간
76
503
10203
90
1433
5일 21시간
72
504
10106
26
1615
5일 12시간
76
505
10089
17
1126
4일 16시간
90
506
10017
21
1960
6일 10시간
65
507
9921
19
1414
5일 22시간
70
508
9885
62
1175
4일 17시간
87
509
9842
31
2332
14일 17시간
28
510
9840
21
1245
3일 14시간
114
511
9810
19
1515
5일 3시간
79
512
9784
20
1080
4일 21시간
84
513
9708
22
947
4일 1시간
99
514
9694
83
2594
8일 19시간
46
515
9681
20
1169
6일 1시간
67
516
9671
31
385
2일 10시간
165
517
9607
15
826
8일 9시간
48
518
9495
14
893
4일 8시간
90
519
9456
19
1378
7일 16시간
51
520
9430
49
7768
4일 4시간
94
521
9426
24
3013
5일 23시간
66
522
9410
22
1135
7일 12시간
52
523
9399
106
4511
1일 16시간
230
524
9396
15
973
6일 0시간
65
525
9321
32
1689
5일 23시간
65
526
9315
19
430
1일 5시간
313
527
9249
15
736
3일 3시간
123
528
9245
21
1408
6일 10시간
60
529
9243
35
1663
4일 6시간
90
530
9234
15
962
7일 23시간
48
531
9225
20
842
3일 23시간
97
532
9213
18
2053
6일 3시간
62
533
9195
27
1782
6일 19시간
56
534
9159
44
4083
2일 7시간
164
535
9126
21
1194
6일 11시간
59
536
9077
16
1888
9일 19시간
39
537
9041
3316
39716
19시간 43분
458
538
9039
12
438
8일 4시간
46
539
9038
21
1285
7일 18시간
48
540
9019
15
1152
7일 8시간
51
541
9004
11
2254
9일 11시간
40
542
8961
28
2486
5일 0시간
75
543
8951
16
1400
7일 4시간
52
544
8943
70
1962
7일 23시간
47
545
8861
92
3552
6일 11시간
57
546
8838
24
1216
7일 10시간
50
547
8787
27
1043
3일 23시간
92
548
8767
23
1188
5일 6시간
69
549
8685
20
996
3일 8시간
107
550
8676
22
1521
5일 7시간
68
551
8673
16
1033
2일 9시간
151
552
8659
15
772
5일 19시간
62
553
8626
17
387
1일 19시간
198
554
8614
20
1950
6일 0시간
60
555
8577
23
1402
7일 9시간
48
556
8511
21
1553
14일 3시간
25
557
8471
83
1046
5일 9시간
65
558
8415
24
1711
5일 2시간
69
559
8409
17
1905
9일 2시간
38
560
8388
68
1164
3일 21시간
89
561
8317
46
1751
5일 19시간
60
562
8288
19
441
3일 17시간
93
563
8268
16
1022
5일 3시간
67
564
8267
828
19833
5일 16시간
61
565
8244
106
4843
3일 19시간
90
566
8213
115
2531
5일 0시간
68
567
8129
15
799
5일 17시간
59
568
8129
26
3194
10일 14시간
32
569
8096
14
694
3일 9시간
99
570
8095
24
1772
4일 19시간
70
571
8072
32
0
18일 0시간
19
572
8027
15
1457
10일 3시간
33
573
8020
17
728
3일 7시간
101
574
7994
17
419
2일 13시간
130
575
7955
20
1280
5일 14시간
59
576
7952
16
2104
8일 7시간
40
577
7948
26
219
3일 11시간
95
578
7941
26
2678
14일 21시간
22
579
7939
20
1690
6일 11시간
51
580
7920
39
2395
6일 18시간
49
581
7901
19
1456
4일 19시간
68
582
7880
1087
19991
15시간 15분
517
583
7871
15
683
4일 17시간
69
584
7790
22
1239
6일 1시간
53
585
7775
96
7920
3일 9시간
96
586
7766
51
3654
3일 9시간
95
587
7687
18
1642
6일 12시간
49
588
7686
13
752
7일 19시간
41
589
7668
31
2461
5일 4시간
61
590
7660
838
26729
1일 18시간
182
591
7636
42
2294
7일 2시간
45
592
7625
22
3395
11일 5시간
28
593
7622
34
1775
7일 5시간
44
594
7574
24
717
1일 13시간
202
595
7510
69
2002
5일 22시간
53
596
7510
65
2231
8일 10시간
37
597
7477
18
767
5일 15시간
55
598
7455
17
1025
5일 15시간
55
599
7441
52
2126
1일 22시간
159
600
7417
20
1628
9일 6시간
33
601
7408
14
1339
6일 22시간
45
602
7355
25
1519
7일 9시간
42
603
7333
11
1386
14일 7시간
21
604
7317
20
1085
3일 15시간
83
605
7293
11
1742
5일 15시간
54
606
7280
11
751
3일 22시간
77
607
7270
16
645
3일 20시간
79
608
7248
30
562
19시간 14분
377
609
7244
13
2493
6일 14시간
46
610
7219
20
1417
7일 16시간
39
611
7216
47
3005
4일 20시간
62
612
7212
36
1736
6일 22시간
43
613
7211
30
1733
6일 7시간
48
614
7171
12
635
4일 5시간
70
615
7165
16
1182
7일 5시간
41
616
7114
18
1291
3일 7시간
90
617
7104
12
778
6일 6시간
47
618
7039
16
688
5일 8시간
55
619
6985
29
1362
5일 20시간
50
620
6980
2
8
1시간 22분
5091
621
6957
14
747
7일 15시간
38
622
6956
30
1452
3일 8시간
86
623
6939
12
416
2일 3시간
134
624
6923
24
904
1일 19시간
160
625
6870
27
734
2일 21시간
99
626
6855
19
331
1일 2시간
255
627
6849
22
2649
6일 13시간
43
628
6809
77
1846
8일 5시간
34
629
6772
9
1157
6일 17시간
42
630
6731
17
1295
6일 8시간
44
631
6707
26
1883
5일 14시간
50
632
6702
17
1291
9일 5시간
30
633
6660
20
1154
3일 23시간
70
634
6660
18
1655
6일 19시간
41
635
6644
30
1198
3일 8시간
83
636
6620
23
545
2일 8시간
118
637
6608
15
1052
3일 22시간
70
638
6576
15
485
3일 17시간
74
639
6565
15
852
4일 12시간
60
640
6532
24
2033
7일 22시간
34
641
6517
26
1616
4일 19시간
56
642
6507
31
1571
4일 4시간
65
643
6484
31
2855
15일 7시간
18
644
6461
17
1176
4일 20시간
55
645
6448
25
1807
6일 16시간
40
646
6435
20
1667
5일 4시간
52
647
6403
41
1026
3일 14시간
74
648
6371
33
2145
8일 8시간
32
649
6368
17
1345
6일 23시간
38
650
6319
17
999
3일 13시간
74
651
6315
22
2332
14일 23시간
18
652
6300
13
993
9일 9시간
28
653
6255
13
610
6일 4시간
42
654
6247
29
1784
10일 17시간
24
655
6242
450
1539
4일 23시간
52
656
6231
29
1831
8일 12시간
31
657
6212
23
963
5일 12시간
47
658
6189
14
803
2일 19시간
91
659
6181
20
984
4일 19시간
54
660
6175
20
1096
3일 3시간
82
661
6133
20
1212
5일 17시간
44
662
6098
14
979
4일 10시간
57
663
6056
20
1392
7일 22시간
32
664
5971
22
962
4일 14시간
54
665
5942
13
654
3일 12시간
71
666
5877
17
767
4일 19시간
51
667
5816
242
2303
4일 5시간
57
668
5808
18301
428619
20시간 29분
284
669
5794
16
857
4일 12시간
54
670
5774
21
868
6일 5시간
39
671
5728
26
1160
3일 20시간
62
672
5718
14
1332
7일 16시간
31
673
5690
9
1119
6일 21시간
34
674
5654
19
783
4일 4시간
56
675
5653
35
1079
3일 22시간
60
676
5621
10
684
6일 4시간
38
677
5617
72
1514
6일 9시간
37
678
5615
43
2242
6일 1시간
39
679
5610
17
1484
5일 22시간
39
680
5590
15
494
2일 6시간
103
681
5485
13
647
1일 22시간
119
682
5469
17
904
5일 8시간
43
683
5461
25
498
1일 16시간
136
684
5455
19
1841
8일 1시간
28
685
5444
69
1433
6일 23시간
32
686
5421
17
1389
7일 13시간
30
687
5413
17
1039
7일 16시간
29
688
5398
29
420
2일 0시간
111
689
5393
53
1815
3일 7시간
67
690
5337
23
1754
13일 1시간
17
691
5326
18
729
3일 1시간
73
693
5309
18
769
6일 11시간
34
694
5275
127
6158
3일 0시간
72
695
5273
14
702
4일 17시간
46
696
5190
13
1004
3일 8시간
64
697
5180
11
686
2일 2시간
103
698
5169
21
1350
5일 14시간
38
699
5118
19
975
5일 12시간
39
700
5116
15
558
3일 7시간
64
701
5098
14
1572
6일 23시간
30
702
5071
22
1113
3일 17시간
57
703
5018
12
640
2일 21시간
72
704
5014
18
700
12일 5시간
17
705
4972
18
1185
6일 1시간
34
706
4970
25
1190
6일 3시간
34
707
4967
21
1380
5일 17시간
36
708
4956
15
803
4일 23시간
41
709
4956
23
1279
5일 2시간
40
710
4955
20
630
2일 15시간
78
711
4942
17
816
14일 7시간
14
712
4930
27
1702
8일 7시간
25
713
4925
11
1088
5일 15시간
36
714
4919
26
1434
6일 2시간
34
715
4888
18
1457
5일 19시간
35
716
4809
19
1256
8일 15시간
23
717
4796
23
936
3일 1시간
65
718
4785
20
736
5일 14시간
36
719
4671
18
1306
3일 15시간
54
720
4659
24
1300
10일 10시간
19
721
4633
20
984
3일 8시간
58
722
4554
15
1111
4일 23시간
38
723
4529
21
1235
6일 15시간
28
724
4525
28
1457
3일 21시간
48
725
4502
17
1934
13일 21시간
13
726
4487
14
898
3일 6시간
57
727
4472
10
347
1일 13시간
120
728
4460
20
715
6일 17시간
28
729
4442
33
1363
6일 17시간
28
730
4413
25
2267
7일 21시간
23
731
4402
22
1203
5일 19시간
32
732
4400
24
781
3일 8시간
55
733
4388
17
1105
6일 2시간
30
734
4383
29
955
4일 17시간
39
735
4372
30
1744
7일 4시간
25
736
4364
13
201
14일 4시간
13
737
4347
12
1620
15일 13시간
12
738
4345
26
1131
5일 0시간
36
739
4339
26
1265
3일 19시간
47
740
4338
12
352
1일 18시간
102
741
4312
22
1502
6일 19시간
26
742
4296
23
714
4일 10시간
41
743
4287
9
510
4일 13시간
39
744
4286
17
1044
5일 6시간
34
745
4273
21
996
5일 11시간
32
746
4241
17
1092
5일 21시간
30
747
4228
15
542
2일 5시간
79
748
4220
19
416
3일 15시간
48
749
4208
24
779
2일 6시간
77
750
4195
21
1234
5일 6시간
33
751
4186
30
1049
2일 10시간
71
752
4174
6
322
5일 7시간
33
753
4166
19
2058
9일 23시간
17
754
4166
11
434
3일 12시간
49
755
4165
16
317
23시간 26분
178
756
4165
38
848
3일 23시간
44
757
4162
14
252
2일 10시간
71
758
4161
24
2784
7일 17시간
22
759
4133
31
1074
3일 18시간
46
760
4119
32
1066
3일 6시간
53
761
4118
18
1327
3일 20시간
44
762
4109
49
724
9일 6시간
18
763
4099
18
462
2일 6시간
75
764
4078
21
1267
3일 14시간
47
765
4070
17
560
3일 5시간
53
766
4046
23
938
2일 18시간
61
767
4033
33
3522
13일 21시간
12
768
4015
13
722
8일 20시간
19
769
4004
11
1164
6일 0시간
28
770
3957
22
465
1일 15시간
100
771
3936
26
1134
7일 16시간
21
772
3920
20
325
1일 1시간
154
773
3890
26
469
21시간 37분
180
774
3876
16
988
7일 7시간
22
775
3869
19
1261
9일 3시간
18
776
3868
20
1996
10일 6시간
16
777
3850
19
1193
2일 12시간
63
778
3849
9
334
4일 17시간
34
779
3830
8
701
4일 3시간
38
780
3827
21
1051
7일 0시간
23
781
3815
8
562
4일 2시간
39
782
3797
9
604
4일 7시간
37
783
3788
13
789
4일 16시간
34
784
3734
15
532
4일 16시간
33
785
3693
31
602
2일 10시간
64
786
3677
16
1144
8일 19시간
17
787
3665
22
900
4일 4시간
37
788
3663
9
845
4일 10시간
34
789
3643
10
624
4일 2시간
37
790
3635
13
584
6일 2시간
25
791
3589
24
1563
3일 11시간
43
792
3541
11
592
3일 1시간
48
793
3539
35
2691
5일 23시간
25
794
3539
7
349
4일 17시간
31
795
3529
20
728
3일 13시간
41
796
3528
14
1123
5일 19시간
25
797
3510
22
662
2일 16시간
54
798
3500
10
808
9일 4시간
16
799
3496
14
1480
7일 17시간
19
800
3484
14
740
4일 21시간
30
801
3473
21
1427
5일 23시간
24
802
3471
15
706
4일 9시간
33
803
3471
24
281
10시간 55분
318
804
3452
13
255
1일 0시간
139
805
3450
12
1660
12일 10시간
12
806
3446
23
660
2일 5시간
65
807
3440
9
480
2일 21시간
49
808
3430
15
926
5일 1시간
28
809
3426
18
1352
6일 5시간
23
810
3422
14
917
4일 16시간
31
811
3415
23
928
4일 11시간
32
813
3390
26
1740
4일 4시간
34
814
3381
12
305
2일 12시간
55
815
3373
17
2757
11일 8시간
12
816
3330
13
795
5일 5시간
27
817
3319
16
805
6일 19시간
20
818
3309
12
477
2일 9시간
58
819
3287
14
739
10일 18시간
13
820
3266
17
320
2일 18시간
49
821
3255
17
854
4일 10시간
31
822
3248
17
524
6일 8시간
21
823
3235
29
1899
3일 11시간
39
824
3217
15
1058
4일 6시간
31
825
3212
21
1362
6일 13시간
20
826
3204
15
1831
7일 19시간
17
827
3170
15
854
6일 2시간
22
828
3162
12
721
5일 9시간
24
829
3132
34
311
19시간 5분
164
830
3123
22
1420
6일 17시간
19
831
3099
8
1117
9일 9시간
14
832
3094
11
216
1일 16시간
77
833
3078
18
864
7일 9시간
17
834
3074
9
553
4일 4시간
31
835
3060
23
1721
8일 6시간
15
836
3060
8
381
4일 5시간
30
837
3057
10
571
4일 12시간
28
838
3048
20
930
2일 22시간
43
839
3039
94
7
4시간 12분
723
840
3037
9
726
5일 21시간
22
841
3031
22
1226
3일 23시간
32
842
3020
17
679
3일 8시간
37
843
3018
23
1796
7일 12시간
17
844
3005
9
411
4일 6시간
29
845
3003
13
478
1일 13시간
80
846
3000
25
1106
6일 18시간
18
847
2984
15
1115
5일 15시간
22
848
2962
9
379
2일 2시간
59
849
2956
21
1834
7일 4시간
17
850
2941
17
463
3일 3시간
39
851
2939
31
807
2일 6시간
53
852
2930
9
741
6일 14시간
18
853
2929
10
776
7일 10시간
16
854
2923
11
300
3일 5시간
38
855
2902
5
36
11시간 7분
261
856
2898
19
596
3일 1시간
39
857
2897
7
474
7일 14시간
16
858
2893
18
1292
8일 12시간
14
859
2887
16
1700
8일 15시간
14
860
2875
10
832
6일 16시간
18
861
2870
26
1425
4일 10시간
27
862
2870
18
867
3일 6시간
36
863
2864
12
618
4일 16시간
25
864
2838
13
665
8일 15시간
14
865
2824
27
1912
13일 17시간
9
866
2823
13
2121
6일 23시간
17
867
2818
30
2197
10일 6시간
11
868
2812
25
514
1일 11시간
78
869
2805
10
839
11일 14시간
10
870
2769
14
1054
15일 15시간
7
871
2760
32
799
4일 20시간
24
872
2757
17
1235
4일 3시간
28
873
2756
20
270
2일 1시간
55
874
2727
3
29
20시간 24분
134
875
2678
16
487
2일 19시간
40
877
2677
12
629
5일 13시간
20
878
2676
14
342
1일 15시간
69
879
2674
19
518
1일 22시간
57
880
2667
13
524
3일 12시간
32
881
2667
17
972
5일 18시간
19
882
2660
9
128
1일 4시간
92
883
2653
25
1208
4일 21시간
23
884
2642
4
134
23시간 26분
113
885
2634
7
249
3일 2시간
36
886
2628
15
262
2일 15시간
41
887
2608
11
427
4일 6시간
25
888
2586
20
863
4일 12시간
24
889
2579
13
483
2일 12시간
43
890
2559
14
769
9일 15시간
11
891
2532
46
2506
1일 12시간
69
892
2507
39
955
4일 20시간
21
893
2497
17
752
1일 15시간
64
894
2493
23
1297
4일 0시간
26
895
2492
23
1197
7일 5시간
14
896
2492
49
1256
1일 22시간
54
897
2482
35
2385
9일 1시간
11
898
2452
13
805
7일 2시간
14
899
2420
11
878
3일 10시간
29
900
2406
49
3257
6일 9시간
16
901
2399
12
873
4일 12시간
22
902
2391
13
621
5일 21시간
17
903
2369
15
1171
10일 1시간
10
904
2368
13
568
6일 23시간
14
905
2349
22
1101
4일 16시간
21
906
2345
13
391
1일 23시간
49
907
2332
14
728
4일 11시간
22
908
2324
15
713
2일 18시간
35
909
2318
21
1217
2일 8시간
41
910
2298
12
585
4일 13시간
21
911
2245
15
914
7일 6시간
13
912
2235
5
220
4일 0시간
23
913
2231
11
531
3일 4시간
29
914
2218
14
890
5일 17시간
16
915
2209
12
246
23시간 10분
95
916
2200
6
179
3일 22시간
23
917
2199
11
669
3일 1시간
30
918
2184
6
108
1일 16시간
53
919
2176
9
403
11일 23시간
8
920
2174
22
489
2일 4시간
42
921
2173
16
483
2일 10시간
37
922
2146
8
347
3일 11시간
26
923
2141
11
587
5일 17시간
16
924
2132
15
788
3일 15시간
24
925
2130
5
170
2일 22시간
30
926
2115
13
1102
4일 0시간
22
927
2093
11
760
7일 12시간
12
928
2093
9
348
3일 17시간
23
929
2091
19
559
6일 6시간
14
930
2085
13
607
5일 0시간
17
931
2058
37
1187
7일 1시간
12
932
2050
10
673
7일 12시간
11
933
2047
10
397
1일 14시간
53
934
2033
14
786
5일 11시간
15
935
2023
14
354
3일 0시간
28
936
2020
20
753
3일 16시간
23
937
2010
5
11
19시간 40분
102
938
2000
4
264
3일 9시간
25
939
1996
7
127
21시간 17분
94
940
1981
19
765
5일 7시간
16
941
1979
14
769
6일 14시간
13
942
1976
17
583
3일 5시간
26
943
1972
20
345
20시간 15분
97
944
1970
23
904
3일 12시간
23
945
1970
10
695
4일 14시간
18
946
1969
7
674
4일 17시간
17
947
1942
12
456
2일 10시간
33
948
1941
7
207
1일 20시간
44
949
1935
7
338
7일 14시간
11
950
1934
10
320
2일 17시간
29
951
1927
15
866
8일 10시간
10
952
1920
15
812
2일 22시간
27
953
1915
19
830
6일 12시간
12
954
1901
13
506
3일 12시간
22
955
1886
12
660
3일 0시간
26
956
1883
18
732
6일 5시간
13
957
1864
13
730
2일 22시간
27
958
1851
6
60
1일 4시간
64
959
1845
10
1688
7일 21시간
10
960
1844
8
254
3일 5시간
24
961
1843
13
1092
5일 12시간
14
962
1841
12
299
2일 0시간
38
963
1828
20
339
18시간 10분
101
964
1828
7
466
5일 7시간
14
965
1826
13
2079
7일 4시간
11
966
1818
9
601
4일 20시간
16
967
1807
12
418
3일 1시간
24
968
1793
10
262
2일 4시간
34
969
1790
12
421
3일 12시간
21
970
1783
5
288
3일 10시간
22
971
1774
9
380
10일 0시간
7
972
1764
13
665
4일 6시간
17
973
1756
13
1475
12일 6시간
6
974
1753
12
780
4일 21시간
15
975
1750
18
1069
4일 2시간
18
976
1750
20
429
7일 21시간
9
977
1726
14
286
1일 15시간
44
978
1718
14
339
1일 15시간
44
979
1708
7
228
2일 18시간
26
980
1706
11
653
2일 16시간
27
981
1701
11
338
1일 15시간
43
982
1694
16
789
5일 13시간
13
983
1687
13
589
3일 11시간
20
984
1682
23
1332
4일 13시간
15
985
1677
20
1058
5일 21시간
12
986
1672
9
727
6일 23시간
10
987
1672
10
814
11일 9시간
6
988
1672
6
250
3일 17시간
19
989
1658
22
1535
7일 20시간
9
990
1651
12
680
4일 15시간
15
991
1639
49
2065
4일 8시간
16
992
1635
24
820
3일 18시간
18
993
1628
9
722
4일 1시간
17
994
1617
18
543
3일 13시간
19
995
1611
64
1621
2일 19시간
24
996
1607
10
323
14시간 12분
113
997
1606
17
547
2일 22시간
23
998
1595
11
370
2일 3시간
31
999
1590
15
492
2일 18시간
24
1000
1587
22
1572
5일 22시간
11
1001
1586
13
504
2일 5시간
30
1002
1581
6
217
2일 23시간
22
1003
1580
14
1618
9일 1시간
7