1
1895703
16027
632897
2일 14시간
30300
2
1801979
1395
161930
4일 0시간
18637
3
1690064
6291
1077588
5일 4시간
13610
4
1628292
2259
184392
3일 11시간
19449
5
1514350
560
178432
5일 22시간
10624
6
1473584
6922
730145
4일 5시간
14522
7
1318395
57754
1787670
1일 23시간
27790
8
1272201
265
62683
4일 12시간
11726
9
1218671
12098
1179324
5일 19시간
8729
10
1206405
1065
250755
5일 6시간
9502
11
1204381
10288
239068
2일 20시간
17516
12
1056359
129234
23740985
11일 3시간
3951
13
1021095
306
55959
4일 19시간
8832
14
981277
3097
229171
3일 13시간
11443
15
947591
1536
103942
1일 23시간
20132
16
887456
3992
348239
4일 1시간
9140
17
883005
204
30822
3일 12시간
10416
18
846259
2637
121578
2일 19시간
12506
19
843897
143
21735
4일 16시간
7528
20
838303
19048
1128717
3일 3시간
11162
21
830189
144244
7856185
5일 5시간
6603
22
782483
347
245817
10일 11시간
3109
23
731250
8655
1614254
7일 20시간
3888
24
730964
252
17087
3일 7시간
9195
25
682631
2172
212590
5일 14시간
5065
26
664053
303
55669
7일 16시간
3594
27
629051
656
24523
1일 16시간
15682
28
610530
1190
55308
2일 13시간
9927
29
603922
271
18444
3일 16시간
6813
30
595687
1082
68239
3일 20시간
6441
31
578445
247
34581
5일 1시간
4768
32
573990
696
171453
3일 22시간
6097
33
573566
74
9198
3일 16시간
6459
34
573131
1807
159949
3일 9시간
7068
35
564662
3436
1009321
7일 13시간
3117
36
561327
7813
568401
4일 2시간
5725
37
533353
486
104416
5일 7시간
4188
38
518362
23202
1655818
4일 15시간
4641
39
511502
150
25754
4일 19시간
4447
40
507487
10683
749953
3일 10시간
6122
41
507412
500
48728
5일 6시간
4017
42
500933
1004
42332
5일 4시간
4019
43
494324
2649
230437
3일 19시간
5381
44
486244
1433
190065
3일 21시간
5217
45
485189
251
23451
4일 17시간
4280
46
482881
364
28858
2일 5시간
9004
47
473572
24039
1584844
3일 13시간
5522
48
472214
235
27690
3일 20시간
5106
49
465354
14313
489878
5일 18시간
3348
50
464615
1173
86893
6일 15시간
2908
51
462874
592
36163
3일 14시간
5367
52
461685
7545
743372
3일 15시간
5247
53
458583
15285
1108902
4일 23시간
3847
54
451462
1153
113858
3일 9시간
5537
55
447041
3960
224435
1일 12시간
12319
56
443708
479
93208
5일 11시간
3366
57
442230
282
14515
3일 0시간
6113
58
441359
32
5193
1일 18시간
10486
59
431930
2117
464393
7일 7시간
2459
60
423326
8137
433038
4일 22시간
3570
61
421857
198
35564
4일 9시간
3995
62
414082
245
18433
3일 10시간
5037
63
410514
2713
229131
5일 20시간
2923
64
408295
21160
818701
2일 4시간
7735
65
405542
74948
1830742
3일 2시간
5457
66
396164
14111
847273
1일 21시간
8789
67
395275
2807
406189
5일 20시간
2804
68
393445
27254
3026288
6일 6시간
2616
69
393259
5186
710540
3일 14시간
4564
70
385729
353
59597
4일 9시간
3659
71
384502
106
52649
4일 5시간
3770
72
376270
314
60309
3일 21시간
4017
73
374714
8793
484405
1일 19시간
8639
74
374685
5157
374182
4일 6시간
3649
75
369481
366
32231
5일 8시간
2882
76
369238
108
12046
4일 0시간
3838
77
360230
7387
359906
2일 16시간
5560
78
354983
193
19616
3일 1시간
4858
79
353291
1706
186926
3일 19시간
3862
80
346515
869
64689
2일 12시간
5688
81
346456
3419
96782
2일 1시간
6943
82
342730
990
197080
7일 2시간
2013
83
335706
76
11459
4일 6시간
3285
84
333906
1609
44707
3일 23시간
3498
85
329622
117
19463
4일 17시간
2910
86
325351
66
9422
3일 0시간
4459
87
320614
1806
161699
4일 16시간
2857
88
317473
505
19434
3일 18시간
3489
89
315150
1392
386062
6일 18시간
1945
90
313496
3962
255921
2일 8시간
5563
91
309449
3387
1614817
8일 7시간
1549
92
309151
444
42902
2일 16시간
4805
93
309047
42685
2186267
2일 10시간
5259
94
308085
2252
61855
3일 2시간
4155
95
306801
25029
1247501
7일 1시간
1813
96
306573
3025
312968
3일 5시간
3957
97
298318
1537
145490
3일 19시간
3249
98
288488
21084
400379
3일 1시간
3933
99
288375
2127
403292
5일 18시간
2086
100
287870
896
59898
3일 2시간
3881
101
285703
1268
219621
2일 21시간
4086
102
283684
152
27007
2일 23시간
3970
103
279738
58
15324
5일 17시간
2039
104
279298
418
57665
3일 1시간
3796
105
278347
141
5413
6일 2시간
1903
106
275940
17
1291
3일 17시간
3085
107
274892
6872
651990
2일 21시간
3976
108
274470
1172
189606
3일 18시간
3018
109
273640
147
10578
2일 14시간
4349
110
273328
67
4215
3일 5시간
3526
111
273313
640
43444
2일 23시간
3825
112
271723
539
34914
3일 21시간
2894
113
270723
5314
223273
3일 5시간
3490
114
268178
132
23211
3일 9시간
3292
115
267253
2624
501057
5일 6시간
2106
116
266378
156
22717
3일 5시간
3438
117
266267
179
20266
3일 23시간
2796
118
265443
2110
175225
6일 20시간
1617
119
256547
45
18223
6일 17시간
1589
120
255157
254
49926
3일 4시간
3323
121
252795
61
8373
5일 8시간
1964
122
250948
118
27291
5일 1시간
2073
123
249760
465
60560
3일 1시간
3385
124
244429
25
5622
3일 15시간
2787
125
243648
73
6466
2일 6시간
4457
126
242618
21
1936
4일 17시간
2139
127
242594
1911
421045
7일 19시간
1297
128
242320
568
41508
4일 1시간
2495
129
241103
119991
2264999
14시간 35분
16520
130
239226
488
47224
3일 2시간
3204
131
238180
35
6348
5일 8시간
1856
132
237581
22
4842
5일 15시간
1748
133
237561
154
10556
3일 0시간
3276
134
236707
90
10460
2일 21시간
3399
135
234567
26
2267
3일 9시간
2888
136
234197
124
24832
5일 4시간
1889
137
232398
55
6056
5일 9시간
1797
138
231462
13317
546072
2일 1시간
4708
139
231103
212
15073
2일 2시간
4543
140
231007
192
30154
3일 7시간
2907
141
228609
98
14866
2일 5시간
4301
142
228359
521
23006
7일 1시간
1349
143
227129
863
87797
3일 21시간
2423
144
226841
36
6147
3일 15시간
2601
145
226476
2572
81958
2일 9시간
3928
146
225181
190
19351
4일 9시간
2142
147
225075
737
46472
4일 12시간
2066
148
220675
458
36108
3일 12시간
2623
149
220647
85
5499
3일 5시간
2839
150
220153
14491
579626
3일 0시간
3043
151
220144
41
2689
2일 4시간
4211
152
220117
34
5297
6일 1시간
1512
153
219550
51
11263
5일 13시간
1645
154
219451
37
2746
1일 14시간
5763
155
219228
46
6720
4일 16시간
1943
156
218884
171
12869
3일 17시간
2440
157
218115
422
78126
5일 20시간
1557
158
213499
477
68109
3일 1시간
2904
159
212918
22813
1592655
2일 11시간
3569
160
212616
997
73618
2일 21시간
3038
161
211007
43
4141
3일 6시간
2677
162
210953
24
5858
4일 20시간
1816
163
210930
268
18655
4일 5시간
2077
164
209308
2027
221477
2일 13시간
3408
165
209140
102
8746
3일 12시간
2471
166
209023
3482
176712
3일 8시간
2586
167
208336
58
11162
5일 9시간
1609
168
208008
4567
357616
3일 18시간
2290
169
204727
65
4129
2일 21시간
2943
170
203717
37
5408
4일 1시간
2089
171
202635
77
3899
1일 23시간
4306
172
201209
524
92158
5일 10시간
1543
173
200627
64
4901
1일 11시간
5653
174
200289
345
122994
19시간 40분
10180
175
199338
1873
396432
8일 3시간
1021
176
199338
40
3569
1일 19시간
4620
177
199304
169
14158
4일 0시간
2056
178
197203
87
4955
2일 14시간
3130
179
197139
4416
584017
5일 3시간
1600
180
196561
28
2349
1일 15시간
4935
181
195751
37
4545
3일 11시간
2342
182
194180
1596
222143
7일 1시간
1149
183
192853
34
2691
2일 14시간
3093
184
190924
29
4700
4일 21시간
1623
185
189453
4121
383178
3일 19시간
2071
186
189130
128
16756
3일 4시간
2484
187
188826
1231
30090
2일 13시간
3052
188
188441
334
8174
9일 21시간
792
189
188102
142
18847
2일 18시간
2841
190
187751
45
6053
4일 6시간
1826
191
186407
52
14338
3일 5시간
2394
192
186212
37
4995
4일 1시간
1910
193
186118
131
17721
3일 23시간
1944
194
185608
198
22643
2일 1시간
3732
195
185395
246
19123
2일 11시간
3109
196
183599
93
23848
3일 19시간
2008
197
183060
88
5048
4일 5시간
1808
198
183026
108
16399
4일 12시간
1688
199
182582
353
22869
2일 10시간
3110
200
181905
41
7994
11일 2시간
682
201
178938
51
3674
2일 17시간
2719
202
178639
95
7190
3일 9시간
2199
203
178467
2978
147640
2일 11시간
2987
204
177691
41
4985
4일 17시간
1562
205
177662
59
18578
4일 11시간
1651
206
176633
337
23135
4일 3시간
1782
207
175965
23
3042
2일 12시간
2926
208
175937
43
6200
3일 0시간
2424
209
175581
43
5033
3일 15시간
2011
210
175369
56
5590
2일 17시간
2674
211
175356
677
66319
2일 17시간
2661
212
175220
36
2312
2일 21시간
2531
213
174558
26
4178
4일 5시간
1716
214
174470
36
3839
2일 13시간
2834
215
173575
331
12917
22시간 46분
7620
216
173421
233
45892
3일 5시간
2252
217
172553
1296
106571
5일 4시간
1390
218
171782
216
21140
2일 16시간
2658
219
169982
26
11607
5일 18시간
1227
220
169218
1567
338151
7일 22시간
886
221
168252
56
5105
6일 7시간
1110
222
168020
621
53607
1일 18시간
3946
223
167952
205
12477
2일 8시간
2979
224
167756
3428
228149
2일 21시간
2419
225
167701
129
15257
4일 11시간
1564
226
167537
1360
69431
1일 22시간
3610
227
167272
103
8020
2일 1시간
3352
228
167128
74
5396
5일 1시간
1378
229
167105
22
2417
3일 23시간
1759
230
166783
197
2761
2일 18시간
2513
231
166714
71
7186
2일 18시간
2511
232
166112
31
3317
3일 13시간
1940
233
165980
34
3777
3일 23시간
1729
234
164827
9910
314375
3일 1시간
2254
235
164462
172
10282
2일 16시간
2550
236
164139
1180
62204
8일 4시간
837
237
164094
1384
174070
3일 14시간
1902
238
164032
87
11478
2일 21시간
2345
239
163887
34
1922
3일 3시간
2167
240
163753
121
9445
4일 15시간
1466
241
163648
83
16797
4일 22시간
1376
242
163154
3652
613624
8일 1시간
843
243
162861
136
7976
2일 19시간
2401
244
162145
434
38378
2일 16시간
2532
245
161883
110
17300
4일 11시간
1509
246
161736
196
19822
2일 20시간
2366
247
160013
31
23542
4일 5시간
1584
248
159741
1654
50203
3일 11시간
1902
249
159362
174
38538
4일 13시간
1462
250
159129
480
22351
1일 19시간
3647
251
158088
116
5278
4일 9시간
1498
252
157703
31
3054
3일 10시간
1905
253
156502
436
55633
3일 7시간
1964
254
156486
621
40747
5일 7시간
1231
255
155598
106
4656
4일 4시간
1550
256
155460
1539
49785
2일 16시간
2423
257
155267
36
4511
4일 4시간
1545
258
155172
60
6631
4일 8시간
1483
259
154975
27
3575
4일 8시간
1480
260
154889
714
7882
2일 14시간
2474
261
154188
39
2125
4일 6시간
1501
262
153684
19
1574
2일 2시간
3052
263
153674
240
24277
2일 19시간
2273
264
153061
192
11541
3일 6시간
1938
265
152766
45
7352
6일 14시간
963
266
152600
533
60474
2일 18시간
2288
267
152035
29
2991
2일 22시간
2160
268
151612
156
8952
3일 12시간
1796
269
150648
76
8350
3일 2시간
2029
270
150509
468
39143
3일 16시간
1704
271
150328
9
386
1일 10시간
4339
272
150192
37
6833
5일 4시간
1206
273
149584
127
10237
2일 8시간
2630
274
148972
46
3725
3일 2시간
2006
275
148782
1789
590675
8일 8시간
742
276
148742
194
42135
4일 16시간
1327
277
148624
178
11711
3일 13시간
1730
278
148564
46
7483
3일 23시간
1552
279
148314
32
3198
3일 17시간
1662
280
147882
37
3323
3일 15시간
1697
281
147652
44
5690
6일 12시간
945
282
147601
54
6360
3일 15시간
1683
283
147034
135
3165
1일 20시간
3315
284
146744
5041
302125
6일 10시간
948
285
146478
86
6719
3일 7시간
1849
286
145689
485
57542
2일 22시간
2080
287
145642
455
34774
3일 18시간
1601
288
145473
32
5767
4일 21시간
1239
289
145132
1794
179046
4일 8시간
1391
290
144845
258
16572
2일 14시간
2310
291
144660
616
44676
4일 22시간
1216
292
143799
349
8880
3일 13시간
1679
293
143600
285
9796
2일 18시간
2145
294
142851
26
3060
3일 7시간
1793
295
142748
91
8435
2일 14시간
2297
296
142201
8366
252862
3일 0시간
1949
297
142011
141
6381
3일 14시간
1648
298
141910
31
3733
5일 3시간
1149
299
141890
1633
192619
5일 7시간
1113
300
141501
2037
165126
1일 0시간
5670
301
141217
74
8805
3일 1시간
1928
302
140656
1490
48154
5일 10시간
1074
303
140461
180
7665
2일 10시간
2409
304
140232
119
8283
2일 6시간
2597
305
140052
220
5039
1일 12시간
3830
306
139471
57
6490
2일 13시간
2283
307
139043
47
8347
4일 19시간
1201
308
139039
2381
227964
6일 2시간
949
309
138649
7640
278441
2일 13시간
2248
310
137890
28
3726
4일 18시간
1205
311
136491
44
3830
3일 17시간
1519
312
136303
40
2946
3일 14시간
1572
313
135823
23
3804
3일 15시간
1554
314
135719
89
14640
4일 19시간
1175
315
135215
72
7298
6일 9시간
880
316
134839
133
14722
3일 18시간
1485
317
134604
55
4324
3일 2시간
1798
318
133795
71
8614
3일 11시간
1604
319
132904
47
4492
3일 13시간
1551
320
132605
532
102141
3일 23시간
1394
321
132577
31
3226
4일 15시간
1192
322
132277
2058
163681
2일 2시간
2625
323
131656
2416
60954
3일 8시간
1632
324
131508
59
4493
4일 16시간
1166
325
130862
378
25231
1일 9시간
3904
326
130426
302
58898
3일 5시간
1677
327
130419
2790
18681
1일 21시간
2854
328
130258
73
11988
3일 19시간
1421
329
130104
36
2256
1일 15시간
3308
330
129676
67
9757
2일 15시간
2051
331
129667
158
17338
2일 1시간
2603
332
129423
63
4398
2일 23시간
1810
333
128798
287
27743
2일 16시간
1992
334
128121
126
7944
3일 17시간
1424
335
128011
222
23448
2일 2시간
2514
336
127994
525
17512
1일 22시간
2763
337
127669
42
5147
4일 5시간
1258
338
127632
33
5510
4일 13시간
1167
339
127440
1751
120682
3일 15시간
1452
340
127433
514
40830
1일 21시간
2795
341
127425
150
12275
3일 4시간
1667
342
127188
39
3731
2일 21시간
1819
343
127117
19
1276
2일 16시간
1972
344
127072
102
4178
2일 0시간
2621
345
126752
111
4361
3일 1시간
1714
346
126665
261
90335
4일 3시간
1275
347
126367
22
8573
3일 14시간
1465
348
125987
1623
47294
4일 18시간
1099
349
125926
674
54223
2일 23시간
1754
350
125888
107
6481
2일 8시간
2234
351
125838
37772
2721315
1일 14시간
3275
352
125753
234
5854
1일 22시간
2677
353
125167
145
11028
3일 1시간
1714
354
125013
168
37482
8일 10시간
618
355
124674
24
3276
2일 19시간
1843
356
124450
42
3597
3일 3시간
1649
357
124423
22
3377
3일 18시간
1377
358
124315
50
5071
2일 3시간
2402
359
123303
138
7195
4일 13시간
1130
360
122764
145
15495
2일 22시간
1734
361
122660
476
62647
2일 21시간
1776
362
122212
43
4213
3일 3시간
1609
363
121477
39
4286
3일 17시간
1356
364
121061
2020
255418
2일 23시간
1701
365
120826
1377
136271
6일 21시간
731
366
120744
446
44626
3일 10시간
1464
367
120169
542
36379
2일 8시간
2113
368
119901
141
14310
7일 11시간
668
369
119773
373
11294
2일 23시간
1681
370
119466
21
2155
2일 14시간
1916
371
119349
1486
155865
3일 9시간
1471
372
118940
140
27366
4일 6시간
1160
373
118548
35
2946
2일 18시간
1777
374
118106
23
4954
4일 10시간
1104
375
117988
51
6668
5일 9시간
908
376
117709
27
3213
3일 7시간
1474
377
117195
1211
46136
3일 20시간
1269
378
117038
63
4807
3일 16시간
1318
379
117001
1278
202590
5일 20시간
831
380
116781
51
3994
2일 21시간
1682
381
116206
134
13034
2일 9시간
2019
382
116092
579
60019
2일 10시간
1974
383
114609
26
2415
3일 3시간
1524
384
113516
113
5827
2일 18시간
1709
385
112982
8481
338791
1일 1시간
4512
386
112768
229
37426
2일 9시간
1957
387
112680
95
6930
2일 16시간
1752
388
112679
28
3842
11일 18시간
398
389
112282
40
7211
5일 14시간
832
390
112009
220
61539
7일 9시간
630
391
111783
28
3711
4일 21시간
948
392
111625
68
5819
3일 12시간
1320
393
111422
207
11828
2일 21시간
1602
394
111383
50
3940
3일 3시간
1480
395
111324
72
4459
2일 17시간
1704
396
110874
42
3216
3일 4시간
1458
397
110851
65
8111
3일 3시간
1473
398
110831
34
4901
2일 20시간
1614
399
110791
233
8791
2일 18시간
1666
400
110478
101
15280
2일 21시간
1583
401
110288
22
2786
2일 9시간
1919
402
109976
299
136401
5일 13시간
822
403
109699
155
7478
2일 22시간
1554
404
109521
36
4409
3일 23시간
1148
405
109279
92
4769
2일 2시간
2176
406
109226
104
10610
3일 3시간
1443
407
109078
331
16250
2일 10시간
1871
408
108894
1307
81230
2일 8시간
1914
409
108870
25
1978
2일 1시간
2221
410
108807
206
8025
3일 0시간
1491
411
108773
153
19427
2일 23시간
1521
412
108754
61
15135
2일 12시간
1795
413
108497
961
121938
3일 17시간
1217
414
108496
1845
112971
2일 15시간
1696
415
108464
29
2713
3일 4시간
1417
416
108265
129
20965
5일 3시간
874
417
108117
663
157284
1일 5시간
3677
418
107905
416
89577
2일 8시간
1908
419
107855
707
173641
19일 15시간
229
420
107547
84
5492
2일 11시간
1814
421
107311
1251
26317
2일 15시간
1689
422
107310
124
6171
3일 3시간
1428
423
107240
479
12668
2일 14시간
1726
424
106573
416
9303
1일 2시간
4013
425
105838
547
15535
2일 13시간
1729
426
105759
29
3350
2일 12시간
1751
427
105414
28
5794
6일 0시간
732
428
105333
410
62408
3일 17시간
1174
429
105262
3226
75629
1일 18시간
2496
430
105092
46
5249
3일 5시간
1359
431
104962
306
18337
2일 19시간
1554
432
104739
106
17693
4일 1시간
1071
433
104667
137
14136
2일 23시간
1468
434
104543
28
4449
4일 8시간
998
435
104446
41
2915
3일 12시간
1231
436
104222
23
4791
3일 8시간
1299
437
103796
310
29129
2일 11시간
1739
438
103597
379
19754
2일 18시간
1569
439
103575
566
12424
2일 20시간
1506
440
103300
420
28756
1일 21시간
2265
441
103288
47
5330
2일 20시간
1499
442
101791
22
2410
2일 20시간
1476
443
101721
21
1624
3일 15시간
1158
444
101459
36
3980
2일 14시간
1612
445
101321
457
52153
5일 22시간
709
446
100668
249
24441
3일 6시간
1285
447
100561
186
10919
20시간 28분
4913
448
100420
184
14570
4일 17시간
887
449
100307
74
5530
3일 6시간
1276
450
99822
359
173537
11일 9시간
365
451
99523
93
15760
4일 4시간
994
452
99283
42
3072
3일 13시간
1163
453
99256
29
3773
4일 9시간
941
454
99246
57
7740
6일 7시간
656
455
99214
245
8569
2일 17시간
1509
456
99209
76
18749
2일 5시간
1846
457
99106
38
2254
2일 1시간
1997
458
98901
573
124004
6일 2시간
673
459
98696
264
8296
4일 1시간
1013
460
98267
35
2888
4일 10시간
920
461
98094
26
1517
1일 14시간
2569
462
98031
72
12873
5일 19시간
704
463
97813
39
1762
1일 8시간
2966
464
97488
30
3413
2일 0시간
1991
465
97427
44
2902
4일 5시간
962
466
97354
32
2457
2일 17시간
1485
467
97325
212
59617
8일 3시간
499
468
97020
29
3198
4일 5시간
956
469
96414
23
2409
2일 18시간
1449
470
96193
116
4507
2일 20시간
1407
471
96049
59
17535
4일 11시간
894
472
95834
28
4482
5일 14시간
712
473
95380
45
7293
2일 18시간
1440
474
95275
356
26336
6일 1시간
656
475
95235
1095
17535
1일 6시간
3110
476
95118
1984
70706
4일 12시간
876
477
95089
441
12043
1일 20시간
2152
478
95000
149
4434
3일 2시간
1272
479
94565
46
3523
3일 5시간
1222
480
93951
85
4792
1일 8시간
2921
481
93946
16
1691
3일 18시간
1042
482
93483
42
2857
2일 9시간
1639
483
93034
17
873
1일 23시간
1970
484
92985
610
21410
1일 6시간
3074
485
92955
384
8794
1일 8시간
2876
486
92769
130
13543
3일 17시간
1034
487
92594
39
3236
3일 8시간
1156
488
92507
30
5135
7일 18시간
496
489
92121
155
25662
4일 5시간
906
490
92074
442
5713
2일 19시간
1366
491
91640
33
971
1일 20시간
2068
492
91197
65
6813
2일 13시간
1475
493
90971
17
528
1일 1시간
3617
494
90549
42
8932
3일 21시간
965
495
90181
1997
140354
4일 1시간
921
496
89470
18
2434
4일 8시간
855
497
89210
351
24462
2일 12시간
1476
498
89029
1294
25342
4일 1시간
910
499
88881
30
3330
3일 6시간
1127
500
88588
63
3742
5일 10시간
681
501
88498
33
3057
5일 8시간
687
502
88378
1957
222762
6일 20시간
537
503
88178
148
27716
5일 18시간
638
504
87946
59
2640
2일 18시간
1319
505
87763
23
2903
4일 0시간
907
506
87646
54
3899
2일 16시간
1358
507
87632
60
8943
4일 11시간
817
508
87595
101
9093
2일 7시간
1570
509
87519
41
2294
2일 2시간
1721
510
86898
42
7570
3일 23시간
908
511
86889
36
7174
12일 18시간
284
512
86882
40
1691
21시간 25분
4055
513
86333
916
33311
2일 10시간
1470
514
85774
20
3947
5일 15시간
632
515
85602
116
4140
2일 18시간
1297
516
85551
25
2145
3일 5시간
1110
517
85547
119
6432
1일 3시간
3106
518
85512
7841
317982
1일 14시간
2227
519
85425
277
60190
2일 8시간
1503
520
85422
33
3109
4일 17시간
755
521
85313
853
90442
3일 4시간
1114
522
85267
17
3014
4일 1시간
878
523
85060
862
39469
2일 12시간
1397
524
85059
119
3178
3일 0시간
1171
525
84961
34
6024
4일 5시간
835
526
84920
20
2411
2일 20시간
1240
527
84898
79
7563
2일 9시간
1471
528
84848
66
2369
3일 0시간
1167
529
84445
95
16606
4일 6시간
826
530
84375
61
16242
8일 21시간
395
531
84338
93
7280
2일 0시간
1729
532
84297
38
5641
5일 14시간
629
533
84106
159
20788
3일 20시간
911
534
83815
34007
1048082
9시간 24분
8910
535
83813
54
15495
10일 21시간
321
536
83678
527
26911
1일 23시간
1758
537
83475
18
1343
2일 1시간
1693
538
83453
238
16473
1일 9시간
2494
539
83361
83
8828
5일 6시간
660
540
83013
21
2513
3일 14시간
965
541
82958
30
2661
2일 22시간
1169
542
82863
366
27942
2일 9시간
1450
543
82770
35
17246
7일 6시간
475
544
82208
96
3473
3일 13시간
960
545
82096
47
2842
1일 23시간
1743
546
81860
211
5064
4일 8시간
783
547
81602
31
3329
3일 20시간
882
548
81587
30
1879
2일 19시간
1211
549
81458
72
2704
2일 14시간
1299
550
81231
34
4284
3일 11시간
971
551
81067
73
5169
3일 19시간
889
552
80975
302
16038
2일 6시간
1497
553
80921
31
2371
2일 10시간
1373
554
80880
32
3250
5일 5시간
644
555
80456
31
4309
4일 4시간
799
556
80454
26
3225
3일 5시간
1032
557
80304
818
55831
1일 6시간
2641
558
80291
3133
115220
4일 6시간
787
559
80275
4786
277418
1일 23시간
1699
560
79859
27
4534
5일 15시간
591
561
79849
568
76096
3일 12시간
944
562
79794
29
3031
1일 19시간
1845
563
79706
9
834
2일 14시간
1283
564
79702
398
98841
7일 14시간
436
565
79641
26
4120
6일 5시간
534
566
79505
21
3997
4일 3시간
796
567
79390
761
68417
2일 22시간
1124
568
79056
37
3293
3일 10시간
957
569
78801
245
6931
1일 12시간
2164
570
78677
46
1061
15시간 50분
4967
571
78544
131
7802
4일 20시간
675
572
78514
27
4124
4일 7시간
756
573
78479
31
2522
2일 0시간
1623
574
78326
408
15484
2일 2시간
1545
575
78211
20
2790
3일 5시간
1003
576
78191
905
138897
5일 21시간
553
577
77839
38
3212
2일 15시간
1222
578
77479
321
6527
4일 3시간
778
579
77428
23
2161
4일 6시간
756
580
77391
33
2255
2일 5시간
1450
581
77370
277
11475
3일 1시간
1059
582
77280
35
2544
3일 2시간
1033
583
77201
456
16804
5일 10시간
591
584
77106
173
53536
4일 23시간
644
585
76626
20
3342
4일 3시간
767
586
76584
182
7214
4일 6시간
744
587
76390
35
3917
4일 22시간
643
588
76315
620
26118
1일 13시간
2017
589
75814
166
14490
6일 18시간
467
590
75769
30
1752
2일 19시간
1124
591
75731
35
2086
2일 9시간
1313
592
75636
32
4985
4일 1시간
774
593
75530
574
38042
1일 9시간
2247
594
75473
591
43363
3일 23시간
790
595
75450
30
2970
3일 21시간
806
596
75183
22
3944
5일 8시간
584
597
75130
99
6257
3일 21시간
808
598
75120
40
2367
3일 8시간
932
599
75115
57
4400
2일 10시간
1282
600
74438
30
2443
2일 7시간
1346
601
74391
117
5316
1일 3시간
2699
602
74293
56
6567
5일 10시간
570
603
74032
57
7416
4일 3시간
741
604
74015
173
16307
2일 22시간
1051
605
73996
271
40054
3일 23시간
777
606
73939
367
61644
2일 20시간
1086
607
73726
39
3844
4일 20시간
632
608
73661
37
2589
2일 12시간
1209
609
73644
18
1347
2일 13시간
1203
610
73531
13
2863
5일 9시간
570
611
73398
34
1947
1일 12시간
2001
612
72941
107
15803
3일 8시간
904
613
72853
21
2117
1일 19시간
1679
614
72838
21
3357
4일 4시간
724
615
72720
469
38953
3일 17시간
811
616
72712
24
3343
6일 5시간
485
617
72615
1594
66488
1일 18시간
1699
618
72520
130
6743
19시간 33분
3707
619
72359
2327
237248
3일 7시간
908
620
72329
38
4146
3일 0시간
1004
621
72326
37
2363
2일 3시간
1414
622
72253
16
2861
3일 8시간
903
623
72250
360
31799
2일 11시간
1220
624
72011
14
2114
2일 18시간
1075
625
71887
384
13095
4일 17시간
631
626
71720
20
2870
3일 22시간
756
627
71574
51
6554
3일 16시간
812
628
71555
34
3036
3일 3시간
954
629
71363
101
15063
2일 19시간
1057
630
71201
35
4852
4일 16시간
635
631
71029
26
3713
3일 18시간
786
632
70992
29
2251
2일 14시간
1143
633
70755
1085
84978
5일 14시간
525
634
70754
195
23589
3일 0시간
977
635
70704
157
10714
1일 4시간
2520
636
70699
27
2773
3일 3시간
941
637
70690
33
12857
12일 18시간
231
638
70672
48
4643
3일 13시간
823
639
70561
14
3194
6일 0시간
490
640
70486
38
3644
5일 1시간
578
641
70417
24
3202
3일 14시간
815
642
70407
22
2286
3일 11시간
840
643
69965
79
5305
3일 5시간
900
644
69655
1955
145452
1일 20시간
1562
645
69468
29
8022
7일 17시간
373
646
69214
71
4518
3일 11시간
825
647
69105
649
8401
1일 18시간
1636
648
68964
33
2769
2일 21시간
999
649
68893
17
1964
3일 12시간
815
650
68890
21
1618
2일 9시간
1194
651
68772
26
1746
3일 8시간
858
652
68659
233
18067
3일 5시간
890
653
68586
90
21472
7일 4시간
398
654
68491
30
3519
2일 19시간
1017
655
68487
112
9723
2일 20시간
994
656
68477
27
2964
3일 12시간
813
657
68370
1196
27503
3일 9시간
838
658
68171
34
800
13시간 2분
5226
659
68163
894
75624
2일 3시간
1312
660
68079
17
1348
2일 22시간
961
661
67670
60
8747
4일 11시간
632
662
67656
47
1310
1일 0시간
2794
663
67650
37
3123
2일 20시간
983
664
67590
16
1067
1일 23시간
1416
665
67312
20
997
22시간 33분
2984
666
67248
118
4523
2일 4시간
1281
667
67144
17
1154
3일 3시간
894
668
67041
944
57443
1일 9시간
1987
669
67032
63
2475
2일 9시간
1174
670
66986
707
37526
1일 3시간
2462
671
66978
44
5682
3일 10시간
817
672
66905
1099
56905
2일 23시간
934
673
66441
46
7836
7일 0시간
394
674
66107
162
4906
3일 2시간
885
675
66100
129
11648
1일 10시간
1914
676
66067
660
73262
4일 9시간
629
677
65870
26
4122
5일 5시간
526
678
65780
85
16234
5일 12시간
495
679
65756
26
2910
1일 20시간
1471
680
65716
20
3964
5일 17시간
478
681
65485
43
4386
2일 5시간
1214
682
65463
18
1845
5일 3시간
529
683
65410
34
1670
1일 23시간
1390
684
65258
16
2101
3일 17시간
731
685
65238
3
304
8일 7시간
328
686
65202
40
4181
4일 6시간
637
687
64638
24
1727
2일 16시간
1005
688
64245
153
12634
4일 9시간
610
689
64103
32
2149
1일 15시간
1623
690
64014
60
12894
5일 22시간
449
691
63951
283
5929
1일 11시간
1822
692
63947
65
4694
2일 22시간
906
693
63770
104
3227
3일 19시간
694
694
62991
79
9600
5일 6시간
496
695
62876
21
3841
5일 5시간
501
696
62821
69
2541
1일 15시간
1606
697
62546
32
2705
4일 6시간
612
698
62519
21
1636
2일 21시간
900
699
62198
88
18616
5일 7시간
488
700
62125
24
3768
2일 3시간
1196
701
61799
19
2212
2일 19시간
916
702
61776
20
2408
4일 0시간
641
703
61603
25
1266
1일 10시간
1807
704
61274
36
2057
1일 2시간
2296
705
61172
30
2874
3일 8시간
756
706
61161
1712
139956
3일 1시간
830
707
61020
43
2857
3일 0시간
840
708
60751
195
9109
2일 9시간
1055
709
60682
37
3591
7일 10시간
340
710
60623
33
2640
2일 1시간
1230
711
60595
27
3619
7일 3시간
353
712
60267
66
6280
3일 10시간
733
713
60241
61
5506
4일 1시간
617
714
60147
40
4215
3일 0시간
830
715
60120
43
4664
4일 11시간
557
716
60061
16
2210
3일 3시간
797
717
60049
3331
132141
5일 23시간
419
718
60034
34
2905
2일 17시간
918
719
60006
288
26714
1일 13시간
1619
720
59932
69
5327
5일 0시간
497
721
59756
28
3608
5일 19시간
427
722
59719
26
947
2일 3시간
1163
723
59687
53
6881
2일 12시간
987
724
59652
138
9513
3일 16시간
677
725
59608
30
2908
2일 6시간
1085
726
59546
45
3176
3일 6시간
763
727
59541
52
4591
4일 14시간
540
728
59536
14
1047
1일 23시간
1265
729
59516
21
2093
3일 8시간
739
730
59189
277
14484
4일 4시간
587
731
59116
25
1283
2일 16시간
921
732
59111
32
4123
2일 12시간
979
733
58972
137
17044
4일 20시간
505
734
58896
57
2962
3일 11시간
706
735
58872
29
1835
2일 5시간
1098
736
58843
118
5034
3일 22시간
619
737
58586
13937
428940
20시간 2분
2923
738
58495
708
31111
3일 1시간
793
739
58341
39
2527
2일 19시간
862
740
58305
526
121083
7일 7시간
333
741
58150
204
44768
2일 6시간
1072
742
58131
18
2797
5일 3시간
472
743
58026
15
1193
5일 11시간
442
744
58014
442
30326
2일 20시간
853
745
57885
37
3156
2일 7시간
1034
746
57695
338
29187
2일 8시간
1028
747
57658
37
5547
3일 7시간
722
748
57615
36
3231
3일 6시간
738
749
57489
13
1562
4일 2시간
584
750
57333
16
2096
3일 1시간
781
751
57298
42
4028
2일 3시간
1118
752
57139
232
22559
3일 14시간
664
753
57046
1017
93045
3일 0시간
790
754
57034
27
3711
4일 16시간
509
755
57010
104
10081
1일 20시간
1294
756
56989
31
1482
2일 15시간
895
757
56892
134
15493
2일 11시간
964
758
56884
30
1273
1일 8시간
1760
759
56533
40
5731
3일 18시간
627
760
56460
52
4424
3일 10시간
689
761
56452
20
1907
4일 2시간
575
762
56414
548
24043
4일 8시간
538
763
56272
1331
49539
2일 14시간
907
764
56188
275
23338
2일 4시간
1060
765
55960
22
2428
3일 6시간
709
766
55829
15
3653
3일 19시간
610
767
55780
83
5035
5일 1시간
459
768
55669
533
24978
2일 10시간
956
769
55608
63
2383
15시간 1분
3703
770
55271
35
2479
3일 22시간
586
771
55146
13
1343
6일 1시간
380
772
55098
22
1063
2일 22시간
785
773
55030
39
5727
2일 14시간
886
774
54938
25
2257
2일 0시간
1132
775
54869
20
2251
4일 1시간
562
776
54784
1698
55317
2일 17시간
842
777
54632
160
2970
7시간 14분
7540
778
54390
30
3160
3일 10시간
658
779
54300
29
3444
4일 3시간
546
780
54227
27
2365
3일 0시간
748
781
54133
58
612
4시간 19분
12499
782
54071
24
2778
4일 18시간
474
783
54015
54
2733
2일 10시간
921
784
53963
22
2898
3일 1시간
736
785
53833
659
47588
1일 22시간
1161
786
53817
68
1459
15시간 54분
3383
787
53761
67
3735
3일 13시간
630
788
53759
21
2055
4일 13시간
492
789
53684
35
2898
2일 22시간
767
790
53654
20
1490
2일 0시간
1099
791
53570
55
6686
3일 3시간
707
792
53538
330
7146
3일 2시간
716
793
53481
44
3311
3일 4시간
699
794
53465
14
1613
2일 22시간
761
795
53420
35
3250
3일 6시간
677
796
53402
45
1481
1일 12시간
1455
797
53382
316
9193
2일 14시간
858
798
53267
35
1191
1일 10시간
1562
799
53085
36
4180
3일 0시간
728
800
53016
69
6863
3일 0시간
727
801
52896
53
3708
2일 6시간
970
802
52597
362
33873
2일 15시간
830
803
52551
26
3145
3일 3시간
699
804
52483
16
1688
3일 20시간
566
805
52397
37
2930
4일 14시간
474
806
52351
14
3223
5일 19시간
375
807
52280
23
1732
2일 2시간
1027
808
52215
17
1936
6일 3시간
353
809
51932
17
1110
2일 13시간
843
810
51716
150
19750
5일 23시간
362
811
51622
47
2797
3일 13시간
603
812
51560
21
1851
2일 11시간
866
813
51472
24
3713
7일 7시간
294
814
51444
74
4796
1일 15시간
1297
815
51391
28
2018
2일 19시간
764
816
51106
2397
87471
1일 1시간
2023
817
51105
65
3421
2일 6시간
946
818
51081
19
2444
4일 6시간
498
819
51044
20
3568
7일 13시간
281
820
51030
64
6844
3일 15시간
586
821
50788
35
5525
2일 21시간
732
822
50771
198
14039
4일 14시간
460
823
50693
310
12302
2일 5시간
949
824
50680
21
3229
4일 15시간
456
825
50375
206
7128
2일 4시간
960
826
50305
35
6816
5일 6시간
397
827
50221
46
4987
3일 15시간
577
828
50166
393
23241
3일 0시간
693
829
50102
29
1645
1일 19시간
1141
830
50034
14
2214
4일 18시간
436
831
49896
47
5221
5일 7시간
390
832
49681
329
27569
2일 7시간
892
833
49669
81
6134
3일 3시간
662
834
49505
23
1767
2일 10시간
846
835
49476
50
5633
2일 12시간
813
836
49460
18
1249
2일 0시간
1013
837
49316
203
80549
12일 6시간
168
838
49277
1521
98472
2일 10시간
839
839
49142
44
2993
7일 4시간
284
840
49128
16
1356
3일 19시간
537
841
49008
24
3974
6일 14시간
310
842
48978
27
2394
2일 19시간
727
843
48956
9
433
1일 9시간
1443
844
48908
59
2380
6일 3시간
331
845
48758
24
1649
1일 16시간
1212
846
48730
22
2435
4일 1시간
501
847
48724
20
3819
6일 17시간
302
848
48603
78
26475
12일 13시간
161
849
48559
32
2148
1일 19시간
1125
850
48394
29
2371
5일 9시간
373
851
48355
16
1965
3일 2시간
650
852
48293
41
0
5시간 9분
9359
853
48206
21
1811
2일 12시간
802
854
48150
52
2734
3일 3시간
637
855
48147
43
5106
4일 0시간
498
856
48005
69
3472
3일 22시간
507
857
47978
32
3486
3일 18시간
529
858
47973
252
49234
6일 12시간
307
859
47878
43
4270
2일 14시간
767
860
47800
100
6854
3일 21시간
511
861
47758
98
4513
4일 21시간
405
862
47752
33
4391
5일 1시간
393
863
47650
53
8384
3일 17시간
531
864
47576
137
4416
2일 2시간
940
865
47571
30
6591
10일 6시간
193
866
47334
79
19035
17일 16시간
112
867
47288
320
18179
5일 2시간
386
868
47219
25
2024
3일 16시간
533
869
46866
17
1721
3일 11시간
563
870
46843
1373
70251
1일 18시간
1102
871
46732
73
4709
1일 5시간
1561
872
46598
272
11951
2일 1시간
945
873
46545
23
2756
3일 13시간
545
874
46518
716
116059
2일 0시간
959
875
46504
19
899
1일 14시간
1220
876
46494
17
1773
5일 10시간
356
877
46485
15
2444
4일 1시간
478
878
46357
45
2493
2일 7시간
831
879
46343
25
1806
3일 5시간
594
880
46300
29
4104
3일 7시간
586
881
46211
267
51065
4일 7시간
446
882
46190
24
1745
3일 1시간
625
883
46119
32
1524
2일 8시간
815
884
45947
23
3829
5일 22시간
323
885
45909
27
2135
2일 13시간
742
886
45854
24
1246
2일 4시간
866
887
45799
16
1286
2일 8시간
817
888
45751
24
1719
2일 14시간
737
889
45615
25
1801
3일 9시간
563
890
45579
53
2632
1일 14시간
1184
891
45415
18
1749
3일 19시간
497
892
45391
567
34577
1일 13시간
1227
893
45296
192
3106
4일 22시간
382
894
45255
26
1407
2일 0시간
925
895
45217
11
2417
4일 17시간
397
896
45178
27
2624
3일 6시간
572
897
45153
3182
172971
2일 7시간
806
898
45015
20
2239
4일 0시간
467
899
44880
244
16712
1일 22시간
966
900
44854
92
12387
1일 23시간
938
901
44727
16
2295
3일 13시간
522
902
44720
134
16610
3일 4시간
584
903
44544
45
2982
3일 21시간
477
904
44538
36
4586
2일 16시간
693
905
44429
45
2542
1일 2시간
1691
906
44414
20
1223
1일 10시간
1293
907
44335
1428
28855
3일 15시간
507
908
44218
14
1802
2일 14시간
707
909
44097
22
2523
4일 9시간
419
910
44085
62
1839
1일 19시간
1010
911
43787
1620
73032
3일 7시간
552
912
43727
45
15196
9일 3시간
200
913
43694
141
5115
3일 8시간
544
914
43681
24
2443
4일 10시간
410
915
43601
71
9188
5일 14시간
323
916
43585
232
6921
2일 18시간
660
917
43513
21
2356
3일 6시간
553
918
43407
23
2653
3일 8시간
542
919
43345
23
2166
4일 12시간
400
920
43304
260
9813
1일 6시간
1425
921
43256
45
3994
4일 12시간
397
922
43204
749
106677
3일 9시간
529
923
42988
34
4375
2일 22시간
608
924
42986
25
2796
4일 4시간
428
925
42878
29
1093
1일 22시간
916
926
42806
21
1899
3일 9시간
523
927
42742
17
1392
2일 18시간
642
928
42717
13
1605
1일 19시간
976
929
42677
32
6398
5일 12시간
322
930
42488
15
1871
3일 3시간
560
931
42396
16
2372
6일 7시간
281
932
42379
12
1808
6일 10시간
274
933
42349
25
2140
2일 17시간
644
934
42321
32
3867
1일 12시간
1164
935
41956
75
2923
1일 20시간
945
936
41928
16
916
1일 13시간
1124
937
41922
361
44486
9일 5시간
189
938
41827
70
4092
2일 15시간
658
939
41768
245
21811
3일 16시간
473
940
41735
54
954
1일 21시간
910
941
41733
73
3347
1일 23시간
888
942
41690
21
4429
11일 20시간
146
943
41503
61
14935
3일 18시간
458
944
41489
8
395
2일 3시간
809
945
41385
20
733
1일 15시간
1053
946
41282
61
8071
3일 16시간
467
947
41139
28
3348
5일 14시간
305
948
41097
18
2763
3일 5시간
533
949
41069
99
4127
4일 1시간
423
950
40917
11
822
2일 15시간
643
951
40880
413
14450
2일 14시간
657
952
40825
797
13920
3일 2시간
548
953
40813
28
1743
1일 23시간
859
954
40735
16
1146
2일 1시간
829
955
40733
14
2334
5일 6시간
323
956
40668
20
1322
2일 16시간
627
957
40635
29
1460
3일 8시간
504
958
40593
25
1476
3일 8시간
506
959
40526
30
2405
3일 7시간
513
960
40409
20
2278
5일 9시간
312
961
40178
35
1739
22시간 53분
1755
962
40162
40
4258
2일 13시간
649
963
40154
52
5152
4일 10시간
376
964
40148
544
72486
3일 6시간
512
965
40126
19
1232
1일 4시간
1407
966
40084
39
4782
3일 5시간
518
967
40025
15
1185
1일 22시간
865
968
40005
21
863
2일 11시간
670
969
39737
15
1303
3일 15시간
457
970
39708
18
1489
3일 1시간
541
971
39605
243
8393
3일 18시간
438
972
39598
897
21803
1일 15시간
1000
973
39558
27
2609
4일 22시간
335
974
39540
54
3448
3일 3시간
523
975
39375
37
5106
7일 2시간
230
976
39269
13
823
1일 15시간
989
977
39156
14
1478
4일 23시간
329
978
39124
21
1477
2일 17시간
597
979
38944
574
30588
3일 6시간
494
980
38904
21
1942
2일 19시간
581
981
38899
36
1988
1일 8시간
1210
982
38863
24
2482
4일 11시간
360
983
38839
180
13449
3일 13시간
452
984
38839
32
2031
4일 6시간
379
985
38703
31
4073
4일 8시간
369
986
38696
17
2247
5일 19시간
277
987
38601
32
2224
2일 5시간
715
988
38587
907
141186
19시간 44분
1954
989
38569
108
4960
3일 7시간
485
990
38476
143
6562
3일 2시간
514
991
38242
28
5649
9일 2시간
175
992
38224
29
5923
4일 23시간
320
993
38158
26
2205
1일 21시간
834
994
38153
20
1631
3일 3시간
504
995
38017
11
576
1일 1시간
1500
996
38011
60
2282
2일 2시간
757
997
37974
25
5150
5일 0시간
314
998
37892
13
1934
3일 3시간
502
999
37848
33
5321
4일 22시간
320
1000
37832
40
4281
1일 20시간
859